100006309727896
100000295955068
100000820887036
100006465517812
100006752618561
100002187658253
100000091105112
100007888005949
100009636920429
triet.toxuan
100000721599765
luan.to.129
100010562529519
100015390226855
528365840
100000062198148
100003035505882
100014795949529
100000634344112
100007504743047
1785883486
100002970500050
100001056105989
100000453842368
100003102518577
100005554599376
1784040083
100001716315683
100007066865256
100006476082080
100005997847108
100003066298698
100005456415316
100002386501551
100002624264375
100001812538433
thang3307
100005415721593
100004692570220
1782114703
1251103403
100004607834197
100000274054919
1719559484
34004299
100009766628356
1074605255
100005046825620
100001000891537
tracquocminh
100010720603357
100004194363210
100005076427026
100007258395572
100001655505548
100018004806575
100004478685482
100005169167880
100008474264591
1171565609
100004370977217
100005500751892
100003083794585
100011348871543
100009394948621
100004587271517
100017842187065
100000072461735
100010956518942
xuyentc
662701881
100004265708567
100010859839449
100010483907888
100016124765373
100000075972852
EricGamminhHQ
100011744146246
100012344679726
100007562645904
100002537972817
100000097008878
100009811359937
100005068788142
100012855604151
1268350328
100013485858139
100004496287465
100000881134971
100004994617812
692364630
100006494033500
100009655842776
100003727877409
1800730547
100005007840777
100017404470788
100001920095740
100006936511982
100004023468708
100009568102501
100003867971473
100002232877728
100000459163711
100000483610848
100006567365307
100012732700199
100009708224287
100010568266455
526049263
100006729192325
100005806039319
100011131443902
100016422587603
100000807871921
100006160440398
100009375981928
100012704286869
100006559293479
100000491943423
100007114518636
100013529137868
100001468543151
100000822168724
100015453758510
100013866037318
100006485022158
100003665166476
100004939502405
100005434875378
100002834418129
100007040048180
100000084351111
100013089090966
1555964922
1305274716
100009763095447
100009795001103
100001368939646
100004732992282
694330918
100004558514188
100010100975361
100000260695622
100000246238023
100009441254328
100008716662034
100010791464621
1520135969
100000109511271
100003158949191
100000186702806
100001800797393
100008808635078
100000653907332
100003870742039
100008754273180
100001495710390
100013047432579
1263577920
100009619354815
100004053717284
100005647686611
1064301014
100000139842586
100016236963280
100006562451054
100007718858488
100000272385451
100005116992049
100002577545576
100007090083153
100002250953505
100006424384992
100003300081574
100009960252123
100011270132295
100010891445092
100009846271060
100016269062977
100000791953541
100010705486448
100003870313309
100008199375032
1809383583
100009426994005
100013737220346
100004001122127
100003139446954
100006299617258
100000890810403
100011776926850
100001751007275
100009146212882
100013900697242
100002841938549
100009328228665
100014796903664
100005664586506
100007213422554
100004396963005
huong.nhu.9
100002940870647
100010118317939
100004671642781
lam.diep.984349
100009627673920
100010910554315
100008505130261
100005205407986
100003116547960
100001621181163
100000218212372
100007780606449
100003246914482
100003176284288
100002730078264
100009363716465
100010453662181
100005827301671
100011413099295
1410618729
100007307684952
tinhthao.tran
susan.tran.3950
1418523368
1612286063
lamsao.quen.1
100009115844346
100009701680321
100010997499075
1678797728
100009873070963
100011483868719
100002386384737
100002349847808
100007574498343
1796363925
100005341093410
100011881515699
1260135371
100003741568731
100009261969218
100001282385068
100005353983879
100007501477612
100005964573909
1708740764
1181603029
100003136615579
100000211850622
1680493630
100000318078958
1830077202
604578664
100003874479689
1038872049
100000259264883
100003898390269
100004405740003
100000369772387
1671830139
100000857483181
100010727648614
100003830891811
100009679907475
100002311296119
100005105681094
100003147545452
100009066785977
1449586917
100003674287050
100010153538714
100000266370589
100003518342197
533994352
100003253340553
100004567500343
100001657618447
100001608889680
100003966071931
100004061860104
1738012352
100007614840029
100005400254095
1235654199
100000114722670
100000111049627
100003727809874
100004401332920
100004835016750
100006502054230
100001380253533
100004995464189
100000155529954
100003661099041
100008255585296
100000528570722
1820754829
100006716171415
100004359183146
100005765407470
100003762361179
100000197242331
100006964354682
100006004060967
100002842840539
100007803722476
100000154571986
100001490897490
1295737664
100004024521209
100000211961736
100007464583128
100002109714967
100001230432056
100000459238675
664459856
100000037931564
100000439646278
100001831218835
100000273662968
100006530920450
100000045051833
100006778874926
100006408220120
100002707268538
100003814778079
100005649302677
100006095220399
100000256335560
100003101198326
100000940662001
1569386327
100005110938844
100003345970103
100000193508385
100003903163702
100004176754264
100004632783972
100003742406552
100004273448617
100002924979937
100000487650545
100004132628603
100002534944781
100002156696611
100011264553104
100000258724954
100004437792680
100004070150699
100010743010961
100000185709265
100004303902925
100003151392902
100004250615589
1256495574
100000610926675
100006761640833
100005395089233
1067136128
100000967292154
100000465821796
100005497296745
100002894840598
1070685973
100000123616907
100002898479244
100004065144038
100006249638906
100001318492423
1329508600
100000336182674
100003217356695
100003275511841
100001800027633
100005023322797
100002972272149
100001944400016
100003223516882
100003285225818
100006419430891
100004229526407
100002322582239
100004635096592
100001702871077
100003004509289
100004454490072
100009019190415
100006439023371
100003140119808
100004030361006
100000135861044
100001488063015
100003170091741
100008108446807
100001695004324
100004230872050
100000965292233
100006451090625
100007323973385
100002982432282
100005489011721
100004936717788
100004092881981
100009040549362
100001255890441
100011428803609
100007683824299
100000309922133
100007260374914
100004067803022
100005266478751
100000462162252
100007083124807
100001316544229
100010306564309
100004572997402
100000057871769
100005374369203
100012495906658
100000282363074
100004535351428
100003915540202
100000297596637
100004834565359
100006543042129
100003915161035
100005354749374
100004783925192
100000712805237
788133683
100007435366028
100001788380825
100009518052532
100003943220158
100008335831310
100000259839672
100000240549973
1000922789
100000321148809
100004085133259
100000378331224
100003532208228
100009106194210
100003303181780
100001904208742
100004621955262
100003685791855
100000408906853
100007743667191
100005184887053
100006819917931
100004635450459
100005924820366
100000177496717
100009341322579
100007296404037
100008384389466
100005324833411
100008703941474
100010837039397
100009524083669
100009976001958
100008634035109
100000289248170
100001882036671
100004108772626
100005408760754
100014928515119
100012619594962
100006765210781
100004229823681
943489235672088
100005522648315
100008821681340
100014284997479
100009441828738
100004885099596
100002061392131
100003279455729
100000088428695
100001597895220
100000423977992
100009066862858
100004737786059
100006908861154
100004487497984
100009065171379
100009750824372
100010153988883
100009286973535
100009971596666
100009830716644
100010427985123
100007784524230
689659894
100015596085316
100009145715884
100006166240427
100004010571689
100000813673113
100005317788196
100011392489472
100006599435200
100004254706468
904839389610296
100003776612448
100005874731500
100011581068872
100016259474886
100007033999129
100010335339157
100005006643595
100008890532736
100007603156796
100010238923018
100004335976403
100004522323905
100010536795713
100003541827490
100010438203942
100007962310116
100006784637466
100009393566266
100013380427100
100005265194654
100004970503758
100009231251566
100010725842333
100004596438621
100016148896642
100005010270094
100005779995775
100010869572837
100012088151808
100004170273732
100017011989090
100008969768052
100005015829733
100013966386812
100006110643938
100009240760778
100002457137222
100009863438607
100000324488546
100009941102993
100008884248378
100012244299928
100011062264267
100016550584947
100011906144000
100004093484006
100009658502446
100007151320601
100015154567738
100009668226395
100005273566656
100014221934728
100006453614956
100010729024020
100004481250211
100010623243169
100005320693368
100013733406742
100010241798083
100007235947258
100010978924440
100006136209624
100010755034829
100004853560464
100004339034372
100002812975461
100005911801916
100009565725657
100010086915186
100009998020314
100008898728453
100002899344597
100005982302496
100007298263331
100006717930599
100004689457155
100008456970062
100016732231553
100012751693111
100004356870675
100007304559549
100003824134663
100009174260654
100009524615967
100012780185253
100010543155363
100010637701716
100012254209332
100005311246357
100005280733272
100004767945049
100009992110731
100014832169385
100007864633593
100009081451490
100007448596580
100015532982281
100013234518926
100004327623128
100006617926099
100003701202115
100002831858655
100014499977121
100004624836755
100004967950346
100007037765493
100011344872393
100005257727324
100006853246168
100007436280451
100015218807628
100006485464436
100005411982001
100006957433444
100007618470768
100007442466693
100018589696946
100005271608547
100014436254422
100006409509147
100015880998102
100009832687387
100006936699496
100010830012098
100010270938375
100004701487522
100005386116543
100008277343000
100011774640621
100000265722646
100014699352719
100004867591667
100005364223386
100005458691828
100010702219005
100005114077517
100007633274802
100009285787451
100008145960850
100006262933156
100010345666652
100013008252276
100012125198581
100009403542610
100006976156664
1451425171760139
100012072133866
100010460585062
100009296963658
100015134869241
100009131715241
100005258558619
100016838019490
100010592526249
100005037361216
100005031640098
100015727295724
100004795030980
100008136068104
100009765360085
100004067362054
100006877836398
100004861210103
100006119353029
100005575333751
100011336922945
100016070580013
100007114480571
100001455013089
100004986480046
100006856277700
100016681982584
100010570816156
100004328113036
100003878607285
100014486893666
100014970783476
100006162062296
100006950866901
100011168046348
100005100011064
100009495231410
100007144234969
100006332885117
100007622312159
100007105119111
100007238146558
100011828021312
100005672823193
100010521045691
100004592977082
100008414807908
100006909002590
100009202402142
100001268608025
100004084608674
100003061866386
100011118335854
100004993086281
100016447004869
100008982219503
100006471158449
100011359227421
100014678820197
100005616821388
100008035235041
100006429436568
100007308574579
100001706778140
100001783218238
100013686757754
100010909725712
100011653231662
100006430865662
100006207124417
100006771553340
100010087959127
100016455068927
100008705107817
100004540634081
100010861245075
100009339319259
100009983706571
100015131315721
100010655325850
100006546781717
100015265142021
100005600196128
100008545232449
100001474973701
100015352200818
100010407156313
100015205598933
100010962161274
100010869572837
100009062054886
100017088150284
100014415543855
100009489732623
100005492016020
100005621044852
100004494552330
100010965973605
100013293483866
100009142278771
100006145181450
100009384472111
100005018596711
100008032350554
100010407309404
100005329174635
100009395039761
100013188515433
100004108296097
100010155851991
100006701619610
100015437744350
100005461830091
100005542263861
100015943931202
100007358317331
100011445713270
100009803682471
100013557903312
100007613294200
100005683269446
100005613275442
100005739032003
100006887058585
1023657239
100004573834807
100010368400469
100006043547130
100009251327356
100007710137620
100004731816244
100014039682554
100009700537471
100005673546472
100009213577631
100004003016298
100002839470667
100005156388217
100005710560195
100005625943328
100003724479897
100009345408608
100009882480381
100005937968293
100011265340431
100007887069023
100004837517668
100012197628116
100010222632885
100005039347436
100007250017746
100015610898667
100006675031094
100006531168555
100014364098760
100011481040132
100008100552702
100015066529484
100001789137926
100010333179321
100008852162404
100001562008087
100004089424289
100011589259565
100015910805597
100013669335602
100005250692826
100003012028056
100004645891445
100012527925468
100015311766265
100010394779179
100011351524266
100004394918226
100004992919472
100010794153900
100007020390344
100005960291015
100011724993925
100002573421862
100010151467256
100005051731278
100017410503386
100004266633239
100006382299949
100001890770473
100006691782134
100004154193222
337538326427749
100013158946489
100004476335008
100006727896615
100005285653425
100006100063322
100006457261625
100005585503028
100005524147899
100009768048599
100004486952435
100004646800862
100009967934159
100011170293336
100003972570688
100009121572725
100009619656987
100000195530006
100004004359134
100009779081354
100007301175690
100006876036823
100003922014131
100013698525856
100015427240090
100004457251227
100010333272289
100003296480026
100006797199372
100004953451959
100006040422795
100000157828815
100001217120288
1274130022
100003321034569
100006633217066
100005193930712
100007110428993
100006010418205
100006806056664
100008209055539
100004642144937
100000271470002
100004872431468
100005871454574
100007822327724
100004584010624
100010857068137
100004249448675
100000112119836
100009326414683
100011429238577
100000742878333
100013196895646
100004195243792
100003625921195
100004766209495
163487296676830
100009881896758
100002881697638
100010000716098
100010930506689
100004426683568
100011972083235
100009381281515
1788494616
100008283482866
1781270295
100002851824954
100001882036671
100005412666172
100008519449195
100006377139291
100005534883962
100012646998887
100010890796911
100009991414451
100010176255942
100009964833301
100009822102400
100005748490504
100012577486101
100000102893706
100010985400682
100011872830320
100007290528938
1449307087
100014772668887
100006357487220
100004080185334
100005215867754
100015472997067
100007936548742
100009705885167
100010228549492
100011703184163
100004561834824
100005375297955
100007604029425
1424743034
100000334382387
100003015387360
100001886854582
100016910266695
100001677662439
100004221197473
100003230713054
100004006545350
100009559599987
100000174691266
100009952788426
100002951094624
100005114716548
100004378335016
100002969463906
100005889281156
100003135161557
100010479881647
100000289248170
100005502493442
100003224064277
100004368252758
100016009656576
100003112626952
100015996346469
100009847876746
100006602263061
100006444544341
100009627998643
100008714705072
100004839750179
100000199897772
100008587561456
100011626086094
100017103467257
100003759998758
100011955224039
100000096615722
100011275152730
100000279338740
100010171954089
100009215505552
100011999862201
100002326159469
100004555665064
100006426728035
100007291907838
100009445042933
100007225985852
100011636988778
100003146968980
100006551643409
100007085777847
100011016453934
100018177853543
100015444978736
100004778613512
100010445293977
100003934355343
100010503518126
100001756652249
100005539329725
100010256468349
100001680909154
100010394464429
100002935625901
100001814761935
100011639370313
100008071988988
100010366564776
100006091546872
100010522428790
100006021820113
100003189685348
100003208306678
100011370831043
100006433331517
100013866968308
100004107964929
100006338734666
100002845570889
100013447603983
100005825827508
100003962150549
100003189244509
100010331137376
100004031870856
100010295340283
100010902550608
100011451645305
100011040372111
1649323022
100008979155879
100005685220878
100006781869643
100010197071806
100005427636194
100002518398412
100009844120560
100004665393952
100000847426030
100008482144948
100004963872534
100005002775996
100008869183898
100007002335517
100003977712349
100010576032889
100000621174158
100000416664652
100012543003338
100012303526505
100012770383781
100010543369569
100011348985867
100003627350239
100007873896960
100014643213846
100009003258420
100011328448184
100006214299126
100006162307688
100006225571520
100012998359350
698919627
100011625040949
100008157906959
100006350054193
100003190281923
100005709725767
100008141706579
100001574422589
100011123047463
100006612216395
100015150616487
100005310391176
100016894457149
100006163573838
100004977694855
100000213153044
100009869224186
100008087864276
100004817926334
100004169595642
100010300110615
100010564966822
100009940867118
100006472315298
100012656351202
100005295286495
100006603731363
100011044964306
100004781672957
100004364166553
708463769
100005332510069
100010747547340
100008652617935
100006859848070
100015475831113
100006552574389
100010156789182
100002975152464
100009771101355
100008459414722
100004946970591
100013810861935
100011422148817
100010338495046
100004013551484
1605913089704685
100005423405807
100002612145070
328068153975385
100006280787967
100013600274084
100007743600757
100009468386326
100004381366084
100010314377399
100006863534697
100006629670314
100004265761321
100004064492907
100004717832207
100009380931378
100007847701523
100005290964243
100010469253304
100011298997835
100014684142433
100013706385926
100003049919140
100008252949639
100003731899212
100016587968666
100004941485664
100015058546412
100009000629529
100012322159598
100008363588715
100014275846636
100016083163360
100005724106427
100010843600173
100010335996652
100016452575498
100003702259685
100015570279619
100008653698810
100010912638805
100010511790926
100009250200509
100012048307856
100005720672869
100004644934588
100003014398659
100012821649037
100004815871079
100005220966560
100013773212336
100004635786160
100016725787979
100003307312762
100009757635991
100008210054780
100006180064443
100007083485149
100005420235505
100009054136967
100012319743773
100010409234132
100007291183217
100012133658327
100015788400824
100006829935774
100009632221199
100011134322838
100009791173073
100005470635625
100005820155365
100003475954750
100004357745028
100009007914721
100004234414556
100009254452314
100004444655329
100004410192465
100015492490214
100006871717745
100009518323605
100004804424326
100005012743027
100006469182282
100012401646083
100009474826861
100009108265295
100004574401408
100010250019126
100009638328782
100009907928450
100006364560799
100005878928169
100013694670555
100005981561818
100000825976202
100004854126978
100006551370059
100010619139953
100003939630225
100015260615668
100001628507062
100007717897142
100004656484580
100013388478160
100000457887365
100009059669085
100004376347133
100010285543062
100007076830856
100006042588234
100008561135866
100002751529277
100007488738539
100007371731110
100007121258611
100015272102362
100012375464254
100009852854106
100004925644211
100001852794605
100005797893642
100009042557498
100009326801915
100011251925132
100008474526681
100009136894086
100006128896417
100000240119564
100010265536373
100003972528288
100007362992410
100004991238348
100006215911981
100009464899791
100011654084610
100004180776674
100004306412028
100007754823373
100006823153915
100001467426512
100015249522791
100010538016258
100005761331417
100010694643565
100012483908379
100003572282069
100006443559802
100009896088445
100006287585197
100009357328301
100002927026849
100009496519597
100010180721301
100011300613311
100005691813048
100004411170165
100011454635239
100015985475951
100012579664112
100004605194699
100005052187088
100017215952823
100011496224044
100004063367840
100001507898855
100010659285131
100005429744332
100011496470946
100014788631789
100004556082696
100011106243848
100016033261099
100001747248812
100010859494812
100010793317731
100010935090438
100008154725872
100013719787344
100014447670495
100005418045252
100005923149233
100009405900344
100009139165124
100004956938184
100004385770328
100008239052549
100004386450937
100007834868404
100006377085127
100004580222432
100004692343650
100004358671240
100007524278022
100005617801375
100009552114919
100001595217653
100006307928972
100008203534934
100003010136421
100016391231796
100000791058837
100005685375969
100007616132993
100008127347629
100012301781988
100004536644110
100013232654970
100012558137687
100006310302169
100007681218938
100005131471747
100016947998337
100006528750766
100003877466541
100011413838120
100011358733625
100004105188771
100009979969171
100011245952311
100010479823832
100004114441573
100003995520384
100013601854327
100000362393485
100015938207951
100004144110817
1746179975601333
100010050901764
100006005049708
100004635780051
100004612141139
100008431094597
100004155457977
100004035974267
100014426800960
100004223973286
100008878690253
100015254466853
100010912480156
100010377901777
100010168117755
100000969904663
100010219626106
100014411646060
100004026497020
100004190075730
100002349843441
100007597060259
100003648595049
100004023283970
100009620748373
100003879854300
100006314678204
100002962341336
100000268366587
100000854715359
100000457048329
100001440327191
100003788375793
555347930
1266251019
100000261641148
100008135115986
100004634023355
100000403225061
100012343059902
100003827608423
100004497938762
100001314798467
100002437634888
1796091055
100005160662746
100000074950495
100007938844284
100006015576739
100005811824288
100001373136282
100003854448779
100009271784813
100000106385990
100004183503062
100003167301989
100001882466364
1795993645
100000084011769
100004038712968
100007732599420
100004480173615
100000093472033
100005725337134
100001741617379
100003052897271
100003196010523
100004126930675
100003260537200
100000245465084
100000261708351
100001273778834
100002890070316
100005622420391
100004406143735
100004557280195
100004777478860
100005095384301
100003707882917
100010205285115
100004146552805
100001728512767
1077410737
100000065162303
100001311555235
100007894095768
100005312087400
100002222747010
100006292150479
100001022257957
1538439522
100004267685249
100001585153348
100004408089762
100006393252072
100002983042807
100004318305923
100004035800583
100005279886889
100010402866296
100002787794328
100006635166414
100009708781289
100003875237227
100005920415625
100005342708926
100004422133193
100005693416424
100009904929585
100005266752570
100005807822153
100004982178015
100006226696536
100007270622774
100003826328514
100009068679613
100006137535895
100008651316092
100006750513614
100001495405633
100008200412002
100007661460419
100003317271724
100005087524375
100002278383877
100009932408837
100004621355027
513381235
100003924572408
100001036090106
100006149585364
100004068698100
100010115586098
100006249407320
100007880733906
100006788223451
100012713712650
100012800622867
100005779476575
100002455172460
100006054013436
100004983338498
100003050456141
100008276706111
100018215341433
100005241183344
100003156905711
100006253727858
100003292599808
100001465166031
100006205335559
100003985885557
100008705538729
100005194411048
100003213497772
100002311203328
100005736428191
100005058455127
100000464465321
100001438711800
100003238371760
100008058373911
100012490515320
100008709069202
100006179619914
100003878652055
100002415051257
100005408471237
100011945596655
100007455270999
100006494693492
100001760169997
100002823973254
100000225375254
100003832050351
100003670784314
100001599142684
100004623079307
100008362067719
1298112675
100001061775901
100004165421819
100003010078306
100004822481195
100003668252035
100004552111579
1781285605
100006095736374
100003353224038
100000269205647
100004971093839
100003229629141
100005590572014
100006794620128
100003109614594
100003886112417
100005133842854
821907953
100000724471401
100005618475228
1782397132
100005934451108
100007104941071
100003707875127
100007734792669
100009056667444
100008579089488
100001829265270
100005453138778
100003960609493
100003724476775
100007828484427
100003097777921
100005019966822
100005002515003
100010696200083
100003225041162
100004619442211
100005870082583
100004319321613
100005315973457
100005325372117
100010539517532
100003168920342
100000237081033
100005360461767
100006812653379
100004738443761
100000289941097
100008587773898
100003553451414
100000186148125
100003862239843
1071132192
100008387105464
100001826781735
100009767321603
100002911632348
100005590501234
100007282356390
100005946399831
100010625618973
100001504564454
100002157180675
100004899551047
100003126629031
100003299537202
100008249830214
100000433029459
100001910846786
100005200745693
100003801491674
100004186080462
100005125086954
100004072732857
100002333734987
100000897720900
100003846724608
100002088002209
100007134424397
100004713875145
100001890371842
100003055487998
100000053293267
100003045971409
100000216112312
100006405551458
100008409318330
100005816166477
100000181093103
100000344259333
100005334521546
100004465566112
100001835710363
100004562111779
100003872880945
100002857096838
100007919867984
100001288637995
100007545407175
100004179825866
100001763027777
100012977220752
100000139608010
100007173541951
733849125
100013088919510
100009814112803
100005083002492
100004229354475
100003145892934
100004772493452
100004644554437
100001991413960
100012461374981
100006970177925
100005892090119
100017364971072
100008602680448
100006028057548
100006062025881
100005857511297
100004663771733
100001800629142
100005428484460
100005181017351
100007713037674
100008080440472
1040927645
100004409790180
100004197785617
100006824319537
100006284387675
100006766213410
100003765187012
100003079976406
100001730607653
100014278034576
100006194433828
100003899412420
100004782725103
100004854282719
100005344836090
100006920551154
100005668128650
100005905905373
100006511279538
100004271080747
100002690334810
100006952987618
100000868301505
100005580631118
100004032140801
100006375973730
100006669934382
100008497662412
100000912788499
100003770252146
100003080875892
100004404727039
100006842656774
vy.nguyen.7127146
thanhlt
bui.thuy.18659
letuanralaco
ph3sgiaothong
hoangbaongoc9xptit
100024340815342
nhatanh.ho.750
thuytienkhoedeponline1
nguyenthuyduong2207
duongdat82
doantrang0196
hang.nguyenthu.184
miki.urisaka
nguyentrung.vietrade
gold.buffalo.1
hong.nghiem.779
trinh.quocbao.3
kien.nguyen.3781995
100003780192315
100015174787166
ngocanhfami
hieu.x.tieu.3
trinhthieu.gia.581
100009380004806
quan.quanpham.940
phamthieu.hoa
pthungpt
khoa.nguyen.1213
hhsweetlove
phuong.doxuan.165
hang.lethu.391
khanh.nguyenvan.9237
huyen.tau1
dong.chuc.7
hoa.nguyen.299
tuananhluu.at
ha.ducthanh.5
Robert.Nguyen.13121997
100008016521082
dohoangchuongseiko
dtt71
moonie.88
TTDVan
chien.nguyen.505960
nguyen.duchoan.16
ntduc96
gnuh.neyugn
nguyenngoc.trung.5283
kienvang.sfc
tran.honghai.104
le.trongan.1
tuan.thai.37669
mai.khanh.777
thanhvu.nguyen.7796
100010997026755
luongvanson
nguyenngoc63
quynhanh.nala
dinhtrung3997
duongdididi
ngaanh.pham
nguyen.thuyhien.9
phamduchoang10
100015497173038
tuyenvtc
thanhhangg.1807
nam.lun.9400
son.lethanh.1238
tanphat.pham.39
hung.pham.96930
nguyen.minhduc.3979
hanhuhai
100006941927953
thuyvu180396
vye.justlittle
huynh.vantung.3
TheCuong89
100017476959515
Chidogcat
100015245140341
tung.ho.3150
dungkhung
phan.truong.52
hungho.oth
100009790211690
100011172270600
100014893188567
100013949614653
thanhha22
rumbachachacha
do.duc.giang
minhtam.nguyen.54379236
lechidung
nkcuong
100006668807671
phamhongnhuong1970
tuandat.nguyen.90857
AbuSayYart
langvinhtuong
m4hai
vietanh33031
nhim.classical
nguyenthibich.diep.52
datdinhquok
duvantoan
100004716161037
100013857586579
hoanho.bong.752
100013367282888
endless229
vandoan.nguyen.169
vu.nam.900388
dungdoremon
nguyenmanhhieu12
hoangtienmedia
anhtt90
truongthaiviet.so
congtuoc.vu
thao.dao.9022
hoang.tam.9461
nguyentung.lam.5076798
100015249575825
Minhminhtiep
nguyenquanghuy85
BinhThanhNgo.72
Lamptq
nguyen.huong.14473426
100014323995839
manhquang.rnd
bui.thuylinh32
doan.trinhvietdoan
chungnd1
manh.phamhuy.1
tranghuyennguyen34
mai.trang.12914
nhutnguyen.brian
xuan2702
PhilipPhung183
100008755953262
binh.tph
kuku.tinbin
chinh.nguyentrung.3
kim.cuong.397
ngocdung.le.370
100023093513300
dang.pham
100009662837367
van.trung.5872682
hoainv.wifi.master
nguyen.h.son.148
hoang.yen.9237244
ThomasDaoX
trung.n.tran.52
100023873322671
miha.mit
long.dang.378
chuyencd
turtle.codon
phong.x.li.7
anhdoquoc
casau.bien
vu.le.vn
thaiho.hennessy
duong.tuan.946517
100005045470981
nguyenbinh.thin
vohoailinh1997
binhtp.work
long.rocham.549
JP.Morgan.999
LotusChocolate
huynq1987
SquareRoot.JK
dangvancuong1996
covualananh
hoang.buffett
kimtieuphuong.phuong.3
linhdtc
dan.nguyenhuu.5832343
m.trang192
tranthanh.hoa.92
100011017244293
dinh.h.tuan.71
haikodan.skrt
EdwardsTran
Tinh2666
leanhtu84
hoangkhang.dinh.56
100007157656918
100001581859865
ducanh.vu.37
ha.doanthu.1
huong.hua.37625843
100027559740913
chim.s.dinang.73
le.hang.10048
thi.no.7547
hqthach
nguyentan.long.9655
tuanhung7392
lamphuong.buiquang
dinhvu.design
hien.phamcong.9
100007796950349
nvb.1492
ducdangic
mimidoin.CEO
thao.levan.165
100000214260100
tranthieu.black
thanh.binh.391
pham.tung109
puppy1001
100004647457389
phuong.phi.902
100007710669741
thanh.dothikim.9
100008983088073
tho.tran.522
chan.hung.146612
mytien.dao
Vu.Quang.K
100011780376581
sayidinferno
100005023758723
djnh.khanh.71
huethupr
duy.vu.7140
hung.chu.39566
lehuuhoi
100016767786230
Tieu.linh291
100028604614786
kimduynghiem.nguyen
viet.nguyenhong.35
lyvankiem1984
minh.hd1
nguyens.thanhs.315
Titcoca98
domi.nguyen.18
TrungDungA2T2
hieu.lam.10
100027691842146
thao.thethaocomp
nghia.luu.39750
duhless
lamsunghai.eo
hanhhuynh1983
100009488026395
seongtae.hwang
cuong.herry.98
100025144850914
nguyenvothanhmtp
100013406268630
tientienty1995
mr.doantv
cristianovanhao131999
100005056039098
dung.tranmanh.997
tranmanhydtb
khanh.quantri
truongan1703
Hoangxu87
100008809176594
nguyen.tuan.anh.0123
100027459210307
Dungzen123
thinh.relife
100029931893119
kevin.tha159
hai.tung.58
100012361547809
trieu.nga
khau.trong
100010130055444
huynh.tan.96995
hoa.bui.73157203
troikytay
thandinh.tuan
Truq7
atranduchuy
100008573326803
100004420899168
nguyen.hoangvan.79
nguyen.thanhtrung.14661261
duyphuc1001
luongminhphu
100009445778435
tuananhth22
duong.lekute
than.nguyen.98
haidanghtcn
hung.hn.94
chienlaingao
100013600298599
nguyen.chihieu.397
100010930451719
hoang.trung.319
100007335346805
duchuy.huynhh
haibk07
ketsuda.saichompoo
dong.simbacninh
kien.le.372
nghiaqt
binh.vu.108889
binh.nguyenan.73550
100021733444740
leppo.pham
thanghchi
chao2002vn
loc.nguyenduc.97
thang.nguyenmanh.7739
hoanggia.nguyen.2212
forest.162
dhhai
lqh2t
hung.eban.90
hoangbacng
chu.traiho.56
100024899318786
pham.kimanh.543792
100029534872581
han.ngocnhi.5
proad.vu
hoang.dinh.52459615
phanmanhcuong2202
100009786185747
hoanglam262
ga.hiep.3557
phatthanhle.98
lamjlin
theanhnguyen1998
quangtrinhvan95
phong.kend.7712
100009628185333
leaf.me.n.go
luuvanvinh
vanphung
100011339084265
787989700
jonymuoa
an.hathuc
tq.minhbg
minhquan.van
le.manh.hung.zzz
sangvl81
jollietran1853
minh.binh.18488
100008261377157
minos.anh.1
tuanpropdfpt
vuong.phamminh.9212
lo.hue.1997
kangrae.ah.77
100009417238944
toiachu.mua
biencdt
DiemNgocBaby
100012968829709
vandinh.han
thanhhien.chau.520
thanganh97
tp.vinhphuc
toan.diep.395
dominhanh
phuong.ha.234
vo.lecuong
100001180022821
hungpvpro
soi.truong.507464
100006061184646
hiennguyen.nguyen.940641
100011812895027
taylor.drake.7921
phuongnhi.phamhong
datstance
tranvanductd
banh.truong.96199
thunt308
tran.tuananh.5
100007646146535
giapsoi
Mrlelam1225
hoa.huy.9699
CEOVNX
nho.nguyen.52012
thanhhaitrinh
ma.nor.104203
duongdaiphat.hp
100004294002390
hainthl
100003635110366
hoang.doan.547389
quy.hoangtrong.56
chihieu.phamvan.5
thinh.lexuan.16
100028039865426
hong.ny.9279
bi.bui.33821
hiepsiaivanho
thanh.nguyentien.3998
quanht2009
van.hieu.52012548
100012556233051
cubi.son
100005343729086
Hungthebank9899
phuquy.pham.148
djung.nguyenngoc
100005649933023
100005787221394
pocmavan
tit.beo.dep.trai.nhat.the.gioi.luon.nhe
nguyen.h.hiep.777
BeBi100687
anhlx.tuan
quyquyquai1998
huynmc
100027550516987
doanquoctuan255
anh.ky.50309
daidoanit94
100005950635620
tiger.guen.1998
fanlolhoang
manh.lyvan.56
ngocchau.hanu
100022558500969
100007889890302
doan.hai.507
100010182793409
vu.vandong.7
LeThanhThuc689
dung.nguyendinh.330
toan.huu1
an.nguen.1447
letuan.le.779
lam.nguyenthanh.06
100012337605747
sycule
huyenphuthuy.2004
vu.hao.3
100020277071391
voki.truong.942
100021989589193
phuc.buivan.77
Tonytuan1810
buongnhatnha3969
vinhn1010
lightning.god.7
tuananh.zuong
100004014115794
100007047974239
100018932740267
thanhly247
nguyentrang.em.7
vumanhkien
lan.anh.315865
congtiep.pham.7
myvancoder
trong.hai.5667
soi.dem.33
thanhbinh.tran.3939
nguyenquyet289
daoducquan
100006018672041
vulang.khuu
cmctssgvn
thong.nguyenhuu.7798
thang.he.3914
nguyen.lamphuong.378
100034927530830
saovic.huong
235tiennguyen
huytruong.nsutle
tranthikieutrinh.trinh
giang.khac.12
jhr.hhr
haihuoc.huong.18
phamminh.quan.7393264
pham.thanhhuong.965
cong.phungminh.399
CMCTelecomOfficial
Blueskyvp
100008052999888
long.dau.777
100008522224331
RobertThoai
hoc.vo.967
100010985761629
thona.rina
thuong.nguyenhoa
vuminhkhoi1802
tomas.vnn
thupro.nguyen
tiep.ngo.11
canhnx
1372670277
100014468920250
hoanglac.tor.3
toan.tranngoc.75
hoangluan191
nguyen.manhquan.336
nguyenhuuchivn
100027025925670
ctviet
vohoang.qui.7
quochung.duong.779
100010116996540
truonggiangcoalimex
100003313010448
tanphuoc3436
VietHQc
100030173199465
tuan.kuppi.18007
viet.viet.1606
Luna.moon.2312
nguyen.t.dung.92
nongngochuyen15112002
ha.duc21
100015301717047
100004178435416
bnt285hl
achongchongchiquay
avarta.wap
vunhatduyanh
100013732571482
100010260731600
hanh.tatran
Zueebn
famlykindergarten
100010806247819
nguyen.phuongthuy.73700136
dinhvu2411
bacbg.than
100025629871651
100014422083209
quen.nhothi
anhday198
hung.thai.31
trinhquoctuan
linh.le.3745
dung.daotuan
tran.bach.18
lytiti.thi
quyngk
tien240598tn.tn
dang.vo998
atcomviethoa
Tiachopvang16
thachvusaokhue
diva.creative.vn
nguyet.phuong.54
100006076006895
vu.lan.71271
hoangquoc.dung.96
vnson02
vanh.vanh.526875
jacknguyen93
100017827770515
laobomtre
100004711661779
Tien.Dung.Vovinam
levu.truongsinh
100010430596546
100011925572928
100022842552492
abcdefghikjbbbbnnn
idolz94
lehuuthinh07071997
huy.phanquang.54
100024861683938
quang.nguyenviet.52643
stevetranbao
vulambang
gatrongtre
hng0101
longnguyenhaha
100008731110066
100004322702478
100004456983227
bac.no.9
100026692334209
tram.sally.5
nguyen.vanhai.73
100021744469071
linhnn130319
100013916357080
sok.khoeunmdk.1
hamed.hashemian2
100006940006265
100003300449218
nguyen.tuongvy.75
100023179575447
0906170026zo
longnguyencredit
100005197698563
100010723937472
100008191538018
100008787613469
linh.milan318
le.hoangthanh.10
100010749066645
100007759273346
ro.nghia.7
thai.nguyensi.3
100010518102688
Fcnhannghia90
hoaithipi
taitinh.te.71
inthelife
trathimyhung1998
100008713142632
CMCTechnologyandSolution
huy.trinhquang.7773
tuyen.pe.7524
hai.bo.391
100010761245208
quoc.hoang.355138
100019874175736
quanghiep1410
100010491759154
sach.phi.1
linhvu291
100013302912621
hanq.vietthangclean
thom.ast.58
chuyen.tuan.5682
100010237479547
ngocphong.nguyen.963
hainam.vu.359
ngovannhat97
thanh.vu.963
alinh232
hanh.hong.14203544
100035180825351
nhattan.anphucland
100004882261910
bluedeptrai
hongthanh.le.10
teacan.may
cotay.bang
100009312807216
dinhviethuy.it
jordan.pham.2509
farodong
ngocson.pl.3
matthew.do23
co.ua.3133
quyen.t.phan.7
100005589258228
rupok.roy.58
kychau.do
BBoyDkSilver
truong.thomas.9
das.das.98284566
haianh.nghiem.7
the.ngueyn.98
100009029422991
linhdma
100027493822922
hoangduy.lenguyen.3
dungx.nguyenhuu.7
autumn.moon.902
xuan.son.7967
tan.nguyenduc.3
quangthoai.quangthoai.1
100013500340549
100005097126310
bui.thuyhuong.75
NgVQ1989
linh.lai.1694
airticketingvietnam
tu.hoangvan.9619
thanhduy.pham.87
100004664016971
batbai.trungkien.5
nambobokiki
100006792347144
Dkay44Cricketer
dang.m.linh
tony2272
thanh.nga.75685
an.cumy.7
hin.hang.2001
trung.le.1466
nghilebinh
mrtuan310391
thanh.tranquoc.108
tuan.truongvinh
vanlong.tran.564
mo.luu.3572
100027957466091
hannao.gioi
han.bachhong
huyhoang.vu.5836
caubeham.keo
chu.q.khoi.3
Bulldog1958
chantroi.xa.58
100022870110921
votruongtho.vo.3
buianhvu19988
candy.huynh.142
100004490080679
100010651741331
maggie.yi
kha.nam.37
hai.truong.758
hahahatalaluatt
dinh.vuminh.3
100008044966946
lequyennguyen85
tien.con.77920
nguyenthu.ha.186
100005767272528
hairua.bmhg
nguyenvan.thuan.942145
hoailuan200488
van.sone.7
truong.hoanghiep
duc.caodang
100008665779046
100027211243424
kyuc.xoanhoa.75
tays.tuyet.1
quynh.van.357
phannguyen.dentist
nguyenthanh.tam.372
100004672652437
danh.pham.16503323
hihihehehnhntntntn
nnlt2409
binh.nguyen.1048554
100003380023595
nncanh
buiquoc.hoan
100026687046290
100009395475084
quynhhuong.phung.75
chan.l.song.5
kevin.vinh
thanhcuong.le.528
100004193102711
hanh.vo.54584
100027814745051
nml.vn
binh.phamthanh.14268
100005995188082
totheNature2018
hoang.anhss.927
100025203762949
ngalucntqbhgtn
nguyen.binhminh.775
100013831020569
100023159293854
ngocson.tran.5811877
ngdaccu
100036866075105
tung.beng.7902
chuyen.bk.7
so.nguyenvan.988
HuongBuiThuTalent
tran.thienthao.56
hai.mat.31
100027476253289
100014494667086
duylich.hoang
nghien.vitamingay.543
anhduc.hovinh
thslsy
tuan.luong.923724
haothienancorp
dien.buithi.5832
bigtee.hihi
nguyen.x.hung.180
100017964630134
djruengnay92
vppducthuan
tranhuutridt
100004664024192
100012822919174
thuyet.hoangthuyet.3
ninh.nguyen.96343
chivas.michael
100007019679606
100014964433631
tinh.tranduc.3
100008919215852
toan.phamvan.148
100010908901055
100013858381490
loc.ngo.7777
ductai.lam.56
100029430940523
100018876820482
100007011408935
100004767840870
ngang.qua.58
ThucTran.3T
100019930305316
100019437193822
100008054829715
linhducati9x
vannghia.nguyen.5811
tuananh2060
100005444735462
ruaham.evil
duy.nguyenhai.58
suli.nhung.12
nhimcon91
nong.hoaibk
long.dolce.33
vu.uy.967
damvantai
toan.thanh.7399786
100018128837150
PhuongLivestreasm
nguyen.huuquocbao.1
danh.vo.90410834
trainha.ngheo.520562
khang.hyrio
100026183437475
thanhxuan.thanhxuan.501
thanhphuc.ngo.1232
100005932624943
anhlegia
thuyanh.tranhoang.37
thach.truong.92167789
ngungo.cobe
100015659227749
phong.buivan.37853
manhlolc
ho.thienvu.3
ho.q.duy.5
100008975041213
pham.p.anh
Luongtatto
nkoc.tinhngjck
0976393796t
kiennguyentrung
hoi.trieu.560
100010736292619
quyet.ngo.106
datngo84
100026686620426
trang.phan.9693001
dinhhongdat
ham.cuong.397
manhquynh.nguyen.946
mimosa.tran.969
phan.minh.355138
100012426434239
100012384887493
bittas.phuonq
GiaDinhHoangToc
Jamesine.6
100012421776559
dhadcgctn
phuong.duonganh
huongdanviendulich.DucHa
bui.ducchung.3
100025639277549
100004477210461
hau.truong.106
truong.lv.5
vuthehuyht
100027022536754
nhabaolethi
minhhoai.duong.7
100009462331662
DucDuyNG
lynhia.rubi
tin.anadilla.9
lang.tohoang
ducduy.nguyen.167
que.quach.71
bigbro310
viet.king.94
hoangthong.nguyen.904108
luu.tuananh.752
nhungbeoooooo
100007530904910
100007762475833
DaoTamDoi
100010168892407
tran.minhphuc.9212
100007575559209
CMCGlobal2017
duc.hoang.3591
H0angHazard
100030020526831
100010312449376
huyhoangdao76
lamquangthuan1990
hoangnguyenminh2510
100014297942743
100024997243849
nguyenvan.thanh.102
pham.bien.10485
100015091332698
100015234392062
hung.phamquang.967
nhatquangbuh
duchuy.ho.750
paulhuynh.official
100009620475918
CMCTSCo.Ltd
100005903314294
100012116857429
phung.nguyencao.9
sieu.cap.cute
manh.264
thuctqss
100006442906868
panha.rc.3
nguyentrongthong270798
hue.1999
bui.theanh.erp
lanh.lanh.27
lvnhung
phamvanthaohn
nguyenthuthuy.hanoi
khanh.nguyenhuu.94
hoang.hoan.1848
100028665039634
nguyenhuuduypro.media
morethanicansay
100012188767775
tomboy.kaki1
rhumd
hinh.to
vu.quanghung.3150
nguyen.hongquan1983
100009755746175
100017607366335
Phanvotranhochitoan
khoang.lang.7773
ngoc.arsenal
vakhoa
trieuhanh.tran
ranhroisinhnongnoi.lamchuyenhonroi
tien.viet.39142072
phananhtuHAHAONLINE
huoaiiiiiii
quyet.thanh.96199
100025931658890
100027505680556
duy.phanthanh.140
100030839460487
100005541165398
ngunguyen16112000
longlaogia
bich.vy.9231
100030051106246
100026576110878
thien.bang.90
100024433620466
leo.tranh.71
binh.lebao.735944
nquyenhuy.nqh
huy.nqh09
huycoiiuh
sang.mialo
chestnut.anny
tho.laivan.50
phamvan.phu.31
nguyenquangvinh.vinh.18
LinhHN89
xuanhieu.pham.3990
songheo.kho.9
linh.hangoc.77
tuyendn8
ndhunghc
100012709779485
mai.duongngoc.75457
TruongMai15
Anloc0211
thanhhai.tran.3363
100030070146602
cautun.vn
banh.cuong.9081
quyen.daigia
danganle
loinhe.anhxin.12
100005962506129
100027759399632
xeluaait.sd
cuong.phungngoc.737
TaT.2019.Vn
pham.minh.1466
vanquyetbk118
100024174390534
phamtuanvu2018
100006275684029
100005455140442
nguoicmc
forest.1602
cmccorporation
marcom.cmc.9
100000133098055
ngtrminhvn
huonghue.phamthi
100006074959105
100007428435213
jasmine.tran.10485
100005126116638
tran.han.18
TriTu1911
LaiTriPhong
xuan.duong.733
100015662445271
xuyen.hoangbich
100004685680945
anh.luu.7982
nguyenminhhoang08121982
myhanh.myhanh.58760608
tuan.nguyencong.948
duyhai.pham.1
nguyenhuyvinhh
halanphuonggg
100010786086394
hathuong.nht
hhhuy
nguyenngoc.bichb
huonglan.bui.96
vdoland
100012122168172
lamvankhanh1995
tvan611
phun.channgan
ducquangptit
100025849845510
minh.hoangha2606
100002020038069
100002852132568
haiyentrinh07.09
VuAnhTuan030666
giang.buithihuong.9
bich.le.142035
100007136700450
le.tranmy.52
be.winwin.1
HA.GALAXY
nguyendangben
nguyenthu.hoai.549668
duongminhhang
nhunglemon.le
phoduckien
ng.hang30
nguyen.tao.9
100004036550461
ky.mu.5
100004975277417
1233237704
sunny.tomorrow.71
ha.nhi.503
tungdlt3011
100000730605731
phantatthu
nhdai19
nhu.tam.967
TranMkup
nguyen.loan.353803
100000223544575
ngmanhhai
hongngocdang
lenga.phan.94
maxpayne.nhat
catherine.le.14
pham.thanhtuyet
son.n.le.94
trthmai
evilboy97.bb
adison.duong
vietan1110
bang.levan.752
chang.nguyen.10
lethuy.mai
Hoang.Nguyen.PM
nouhang.up.7
Lohipy
jayminh275
trang.t.phung
diem.tran.104855
100009510402983
hoang.minh.7146
minh.nguyen1993
hanh.ngan.12
quynhntn912
100009294200162
trannguyen.2211
kathy.pham.7399
minhminh.pham.7
dao.oanh.376
strong.vu
MT.Tu.Le
ntdam.hn
nhatvuits
tony.dao.75457
nhung.coi.946
thanhmai.vu.92
nguyen.duythanh.372
tuyendungcmcts
anna.vu.71
Pham.Nguyen.1979
nguyenduc.truonglam
vietphuong3110
ckyp.3by
sony.hoang.58323
nhim.hathi
chukim.yen
thina.ho
cao.t.tra
anhtu.do.1485
thuhuyen.huyenbi
MytuColjn
thang.520
suong.kim
huynhtanpha
stevenlee2806
kimthoaluong.ktln
nguyen.m.long.3
100004204699152
doan.le.14
nguyen.h.ha.7186
doanthikimanh123
Thuylinhtrinh2806
nguyenthi.luyen.52
quynh.dinh1
DuyBeo11o2
100022631053021
chinh.vu.509
kt.phuong.3
libra.thjenxung
thao.thai.5
hung.dinh.52438174
lamsan1201
thanhbinhhd97
dodinhdac
bao.vungoc.77312
anh.khongdau.9
hangnguyenhpmu.hp
hngoc.nd97872
Binhntm79
lethanh.huong.7
tq.khoat
kenlvq
le.vuloi.3
nguyenkhanhhien.99
100004312303436
cuongducphong
kutitlovexuka
100004796372733
buiminhn.hieu.528
100021138648115
100010476196516
100044715006536
congchua.nguyen.547
anhxtanhtran97
duyen.dung.7547
100026873078808
titmuoifrommrgardenfc
lhp.rainbow
100010054750697
100026136185136
khanhlinhsmnzynasd
Prof.ML
vieritolove
100005164695798
tminhezez
100015466156978
100025093040979
trinhtuandat.vn
hai.v.pham.54
mai.anh.50
100000015589924
ThangHQ
nguyenthihuyentranghd
trungnv20
linh.truong.336333
phong.nguyenthe99
calisthenics.hieu.3
100035715638430
phuonganh.nguyen.332345
100004360089697
spy.master.543
100007919742839
letranminha
linhnhoc19.05.97
100017892904057
nttung.182
thutrang.vu.9461
nguyenhaphuong199x
babylearnmath
nam.dinhle.58
Ngoet7997
duythanh.trinh.779
100011749933726
nguyenphuong.nguyen.5602
nguyenhangni.xeng
VuTien88
dat.mithalo
100009452751343
100017505130763
hoangdao.chuayeu
meo.thao.75
100013109108989
luan.hoang.7547031
huong.langthiviet
letungung
ThaiCoi.01
aki.chan.1426
100031188560580
100006547427904
100009275322514
Paperlion1
arethusa24
khoa.v.mai.9
Tchinh.Ph27
mliafol.hanh
ajinomoto.do
minhthuypham196
1226882130
baosinh.nguyen.77
phuong.munmp
thucnc
blah.blah.733
CzKrarei11
quan.nguyenkiem
100009930587222
toan.tranquoc.37454
maihuong.nguyen.5437923
huyentrang.phan.7359447
nguyenthuc.hung.3
100005168029385
100041423089849
nghiemxuanbach
pvphuong
dophanthuan
hung.phiquoc.54
huync99
yenly.nguyenthi.9406
nguyenductien000
100004610807817
cobainnguyen8998
100010233484104
toki.jawasama
ngoisaoxa2891
100007583461070
loi.luxy
nguyenduykhuong6996
100009397632309
thaotran0168
caodung3287
minhlong.bui.37
nguyenkhoi.nguyen.161
phuong.mai.5203
nhuyenct
tung.tom.7399786
chiluvgr
Zawseze
sugia.cuagio2
muck.muck.77
dao.p.duong
son.bui208s
100029129661003
hiep.trantuan.1690
100007583494874
perceus.jackson.526
the.nguyenngoc.5437
nhai.doan.507
nghia.vanlhp
trang.hami.35
minhphuong711
obachtranp
quin.ha.161
100011981926697
100009700366834
TBarK.0510
dangngoc.nd98
100040899408855
100030817898362
100004949748531
tun.beo.71
100006299586986
doan.doanh.779
tung.caothanh.33886
haiyento1609.hihi
nguyenthanh.tu.1602
WarlockNgn
100010012300970
100010399592758
100022820620807
HanhBun
bichhai.bui
thuha.bui.921
kenny.bui.376
khunie.nguyen
ngoc.nguyen.299
tona8686
thach.hoang.1460
Super.HappeR
lechingoc
phuongg.quynhh.7
cuong.nguyennam.7946
akali.891999
phung.d.vu.1
Higa1990
ducnh.hut
100045606952373
100032615183305
HuongBuiThuTalent
tranhaitanhs
ductri.nguyen.33234
bbrynss
hoang.vuhuy.5836
100011392764554
dtltbkhn
100010706341135
100010445800408
100010532231126
100009407764674
duy.p.t.1080
thaoominhhh1403
buibichha2210
hoangminh.nguyenluu *
100012690457397
alexgtrinh
100012993305740
hue.lexuan.54
mybmyyy
100012202417396
nguyen.phunghai.79
100006857859071
nguyenthu.oanh.374
100003880773762
batuoc.monsters
bemhang.hangbem
trantai.2000
duyen.vo.319
trangbooooooo
ngohuyenlinh.ngo
voquangvietanh
100004972200556
bac.phanviet
100006082058454
paris.linh.75
100006431733387
duc382
ghghghghc
chuc.nguyenvan.988
100009870943296
thinh.nguyencong.9887
100007108534919
Scorpio98pt
lan.mit.798
100007815811704
100040617258806
nguyen.ngocdiep.96930
ngominh114
100006604865313
100011394906719
100007879959889
100011579148365
dahuyen.huyen
thanhdatuetk62
quan.minh.5030
142932475.bm
Thais1904
100008069885811
duong.taquang.9
quangtuong.vi
ntp.1423897
100006207880324
100008682214550
100004157131726
100007160377629
shira.nguyen.9
100042853099916
100007354427460
ong.anh.k
trungtrieu.edu
hpaPRO
tungts.1711
100015953025897
nghiaprofessor
d.quanganh.hust.edu
nguyen.x.nhat.1
baby.hailing
100010162006747
ngoctan.bui.3114
phuthuysieuquaytouyen
100010717090151
bang.trantien.9
thang.tthh
huubinh.ta.921
sanguine.nguyen
quochao14092001
haianh.tran.1420
onodera.haru.2103
100023349000096
100007289765831
100009720967249
100013844198262
100008009619381
tran.lee.hiep2203
100006214006883
100039158921295
tan.duongba.9275
100013870812210
quynhthu.ngo.5
quyen.obest
lenam.nguyen.773981
piepie0902
long.nguyenthanh2000
xuanloc.tran.969
le.minhtu.330
100008152891963
hoang.vuongxuan.9
nguyenthanhlong3011
hoangthai.username
tienmanh.nguyen.12382
100009266195537
5Dsteam
quoctung.le.7
trung.dung.1800
nho.doan.52
doantoi99
hn.cuong
newton.issac.399
vu.d.son.5
hangle95.muatranchau
spchjken
hanhtayyy
quangtung2912
hoangduyphuc.bkhn.kstn
hanminhquy
100048048917954
100039902121459
100023916701588
100015714137118
100011264410081
nham.tien.9081
kimtuyen.tuyen.1420
hanyen02272406
khanhvu.linh.3
co.betinhnghich.545
halan160399
ngon.an.96930
manh.cong.581730
100015872161248
100045646014036
100022248304117
100017755716384
nga.ngoa.14
thong.anh.3726
yenlucky0401
ngo.ty.9803
100012781715200
dangson.100699
MacNganNhi1128
100010073525064
ximahang
uyen.thao.311493
kien.dinhdo.90
lytruonggiangppsvietnam.edu.vn
dinhvan1201
oanhppsvietnam
TB.Nguyen.Dung
thien.tai.3133
jimine.park.58
100050103022526
thethoi.chi.581187
DucLapBKA01
100040208481294
100039762774345
100035979463759
100034859746835
phuoctu11223
bake.mono.58
tranthaoemtui
truongkt21.15
loan.ntm.7122000
tklinh.neu
thuyen.vu.73345048
100012249400582
trungkien.vu.10420321
kientm.hust
locpv1998
lan.left.98
Huyen.bkaa
lekieutrang3901
your.sontran
100010401765309
100034320786907
phamthi.thaonguyen.3
100013155646498
100006361576363
100011873283914
100049418917118
100008617321262
thao.toto.93
hacmao99
100046750749481
tuan.thien.372
thichnduthu
HuyXamSama766
minhchien012
chou.pham.505
phamminh.khiem.1
lim1072
LittleZerooos
vinh.lt150601
100024828998600
nguyen.duc.canh.0311
daocu.hungphi
100007484236408
trannamksst
thai.anh.29
quan.trandinh.1
nhungnhun0905
100008450770058
thestrongest257
100025180264467
nghia.kudo.9
nhathoang.nguyen.5661
vuha2511
hoi.hoangthi.507
dothikhanh.linh.5
ngocha.han.1
ngoclong.le.127201
phamchi.hieu.351
100028676358341
100008835974799
100007972543614
xuancuong.pham.773
hoan.hip.1253
100034813719895
viet.h218
quy.vuhoang
lecuong157
bichkull.21
cucpin2410
phuongabcd2409
hoang.nguyen.nq99
ttn.nguyen42
timmipewpew
vudangtinh2000
thai.le.319452
oanh.nt182716
nhatdong0103
lam.t.lan.750
oliver.amell.90
smileyhoney97
nam.phamngoc.12
tamlamtrinh
nhu.nguyen.902266
quynh.phamvan.5688476
trinh.t.quang
mai.truongvu
tu.lanh.sieu.cap
100015662445271
motherthefirst
dangminhtuan
dong.hoang.31
100006317401886
khanhphan.161297
ngocanh.nt.nd
huyandyen
100008615791034
100007813248993
lynguyen1303
hung.tranhuy.545
thangnd197
ngoduviethung
darkking.the
100004539180045
linhbkhn95
Hoangblue23
quang.ma.431996
nguyenvan.hung.18062533
hieu.tranvan.3760
kieuvanchuan
ngoctrung.nguyen.71
phamngochung
truongnx0
nguyenngoc.bichb
NguyenBaKhai97
thac.binhcuong
bichthuan538
cuongdm172
hieu.nguyvan
dung.dt99
nam.hoaivu.72
hoan.nt.5
bk.turtle.1
100009175804462
laihoanglebup
100005255678723
100006501907193
100013278871698
100008861318784
thanhvinh.le.108
hinh.la.7
giang.phuong.7547
tuyen4499
phoebe.tranngn
nkimxik.99
phac.phang
hang.nguyenkim.0412
100004864303002
bot.duong.31
100029194950518
100011669553601
100017442990141
100015465669059
100024015908466
100015233251703
baxao.balap.9
canhhao.nguyenluu
alice692
daisy.pham.564813
100048274601454
leduclong11
id.gon
hoanganh1701
rua.ninja.77
luffy.hoangminh.3
trungkien86
nguyen.thai.92102
tran.camgiang.3150
cule.thang.5
whoknow.whocare
motnguoicatbuocradi
ngoctran1910
Wiigx
binhlongmm99
tientai.nguyen.315428
son.ngoc.77920
toan.vu.1612147
trangnt998
son.nguyenvan.9400
phan.ngoclan.79
trunghieu12345678
thang.beo.56
lanhvan.khanh
thanchet.fcaone
duong.laiquang
phoducdat
trunghieu.ly
100005746382458
quangphammessi
imbatrung
khoa.tong2510
ngoctienbk95
manh.hung.9400
ssupermeo
tai94bn
trung.huynhthanh
minhlecture.minhlecture
nhavua
love.chiri
hieu.lyvan.5
long.buiba.35
truong.pham.37266
thaophuong.coffeemilk
thanhpd05
trung.vokhanh.1
nguyenhong.viet.1
dragoon9n
minhledinh
dungip90
baonc93
hieubeo1991
nhan.vuvan.5059
buitrunghieu
nqtuan0192
100009514272551
100043251232367
phuong.linh.35977897
ngoisao.leloi.714049
100012347977854
South6599
100008713029621
100004517389205
sometimehappy001
100027484602397
pham.diep.130599
minhhieu.nguyenvan
100024964868875
chris.nohope
tuan.david.21121999
son.vuvan.37625
100041000761940
chi.thanh.125323
mrslimbabe
qua.buon.585
LIEternal
100014540732684
tung.huy.3158652
100047931093214
QuocXTA
tn.biin.1
voldermort1111
ngadt.251193
100009746130191
lap.lainick
hoangduc.anh.1420
100007867290119
Nguyenminhhieu1421998
quanganhthevoice
100011659904187
hai.linh.7568
hien.vuminh.357
tung.luu.16568
huong.hadieu.564
poyndnd
kieuoanhlhp
100006712721432
nha.phatkien.1
100008748643629
linh.phng1012
100005428476510
100009399206309
100036740584954
Lyn.Kiki.BTX.88.BXT
lhpweww
kaze.hime.9
an.du.374
100012076697086
100009919057298
DucToan2410
chung.levan.334839
jodo.kuol
bichlan.nguyenthi.3154
100040117100699
trongtai.chau
100007973326976
nguyenngoc.toan.14203
100029294349221
mituot.noiloan.52
100027535733111
nam.hoanghai29
dungdd99
100022183433590
100021713209577
100007979943209
manhthuan.nguyen.9
100012736262423
luanpham21
100035705948345
100016226943018
100010008858309
mrquyet9
hao.tony.5851
vonhucong189955
huyen.hoangthingoc.790
100036498556735
tuanchien.vu
100009785611250
hoangtusaomai.lee
khasnhmieo2k7
100004332602634
Levanan1999
100010175203155
tabinhtn
100034493201634
100027396000831
100023493692933
thong.nhat.35513800
minhanh.ng.359
dunghavinhomes
100019529675207
100015514155850
bombeo30
100015938315846
100024604253683
lamloveoil
tuan.doanvan.104
hjeu.manchester
100035184548223
nguyendinhphuplus
nguyetlao678489nqt
ToRungDuc
ta.tuyet.33
chinh.ru
tramanh2602
s2lights2
thang.nhuquoc
duong.huong.14811692
meocon.ton
100008207329016
lan.bii.756
ngochiep.lu.5
nguyenvan.tuan.97pro
100006298412384
trinh.yen.98499
100035518924631
kien.phamtrung.0507
tusau.lang.980
thuhoai.thu.524
100005252978933
100017148669205
nguyenmanh.tuan.31
100011742872595
100010836635977
100014099191432
ngo.hung.123829
100009868690053
tri.trinh.142892
quelovechoiren
nguyen.t.thuhoai.7
100033652493666
ngocquan1108
duyen.truong.56884
cadaicay
100014904639440
new.wind.71
100029797190116
thuydung201197
phi.xu.77
giang.p.ly
tran.thuongquang
PxD.Miracle
100042404591957
tinhyeu.maunang.188478
100033524465050
ChungAnh2610
100040189304315
100009724338703
lai.kimchi.1
thanh.nguyenhuu.5074
dungomai1999
trandacchi
soibac2920
100006469862351
congbang.199xz
hiep2306
dauthoichammamtom
nguyensgecg
100007594602391
100009377991902
pipi.tocxu
nat.ngoc.125
maimeo0809
nhongnhong.99
ba.thi.5199
p.a.t.1408zz
100026544634321
gia.tao.31586
buidinhdat0123
Thuan.BDK61BK
Qanh762
100035788922141
until.you.18041092
100007521825421
100007394289704
100005722661037
tai03k62
bat.thien.146
100028157102353
luat.lilom.5
100037156236533
pham.huan.5496683
luanvan.hust
loa.phuong.35
100036813992911
100010482996091
anh.20176690
100012898861222
long.nguyenhoang.37669528
100005910948166
100033134355730
100018203269153
nguyenvan.quyen.1023611
100026984692898
100029666143850
bkagin
100009634395202
100009276021982
long.phamthanh.921025
100010736432690
100009832339219
hieu.phamtrung.9822924
tranthanhlong30092000
NEUhihi
100008770448809
100021841085130
100027034454336
100016964718363
100009702487157
100014541513728
kimbeo2002
vyvyswan
100036125420060
Z3r0Te0
100027955881472
Hung.2mono
MHPsurvivor
ngoctrang.le.167
100009486936107
100008849340411
100010765720658
ngocanhbhbx
100034644589365
Hung.vv091998
2iamlinhhh
luu.hoangthanh.52
thetung.drag.tienboi
quang.nguyenduy.90857901
hien.buitran.10
tientien812
minhhieu.le.5074
100014723915232
OoMrHappyoO
loan.thieu.7
100007608738029
100025980515818
Special.like.me
huyentrangmika222000
100022042639804
nhat.ky.37669
ngomanucians
Nam.Kopite
100004212615709
khangphan221
hancongthuan
100022301670684
100014997069311
nguyenxuanchinh1996
LTHP.Luna
chienbun95
dinhtuan.bk
phamtruong20
nguyenvandat1234
Duk.038099013860
100022234131133
key.prim
viethung.ma
anhtuan.nguyenduy.52
bernice.nguyen.7731
100006704883395
ki.neetto
qqqviet09
maivinhvp1
duc0412
ducanh.nguyentrong.5
Phuong.Typn
100009028798014
hien.legia.7
tony.almightyyy
100000259208509
nxquy
huyen.candy.334
Zinbibu
trinh.tinh99
100024931584269
my.tuan.5209
ngoc.vuvan.169
nguyenthanh.nghi.5
linh.luong.16503323
100008419325564
inbeo.1999
100012106996715
100021060432770
100018471041272
100005585794795
100008243257423
minh.laitan
khoa.nguyentrong.1253
100034193554352
Ducnghia21051996
tomtotobcvn
longhalo2208
hamm.hagg
100017475371238
ngocx.oc.1cho
100006973179291
Cuthanh111099
Maitay1908
100008371833782
ngatcassie
huehoang95
hoang.hoahong.144
100006523681705
cuaban.bo.56808
100022369355140
100035030092715
100039369741449
100028859340659
huyenhummy
100009331365943
hoangha.rim.1
khai.ladykillah
100006354154847
100035672520353
nguoithichdua95
cuong.khai.969
100005466997445
2k2.hoan
100009169542641
lakho.chungtinh.54
100009439696916
100009799205580
nguyen.manhx.7
nguyet.phung.35574406
trann.conqq
100026294653073
100032694857814
100033894124003
100036955503504
100011365181347
long.lee.10485
thinh.ngoc.9634
tqngaaa
tu.cam.946517
100041915408042
100041242631770
100006453708907
thieuhoa.phan
do.nhi.1002
duc1508
nguyetbui296
meobeo.ngok.nghech
100011045826817
vohanhIT
100031047826355
hieu.thai.12764874
baoduy.tran.9634340
langtu.haohoa.10
100009484036856
trongtu.gotrekking
nthieu.69
nhep.nhinho
dunggg47
quynhanh.nguyentrang.9
giap.levan.3538
100009872629047
cuongacidclub19chaca
tuanh.tran.7906
bang.thuan
manh.thaiba
100026211879486
100014522833449
100028858723676
100049181690262
damhaihiep1996
100010172177438
tuanviet.le.71
trungs2hiep.hust.k59
100034786361063
ma.t.manh.3
minh.duonganh.311
100009409193571
100024867020757
100005195266689
100010835162412
hoanganquyhong
hunghust98
messi.dat.12
hhhien1997
100006065591351
dinh.tunghiep
100013851842602
tay.khoai.311
100009740537489
tranvan.top.61
100034121347061
chihieupham1999
vuminh.tu.54966
cong.huynh.336
hoat.tran.37604
louis.khai
100007467667420
100020073998112
beosolitary
phamtrung27121998
son.tranhai.07
LTB136.1999
Nguyenminhduc1607
100024858941722
sevt.15771111
100008192592727
huan.congtunb
duong.hoa.338211
hung.deemo
ngocha.lai.98
100007537486833
100023164953459
100034716972565
100007694866416
100004162699030
phuong.buigia.5
100005198496975
maiphuong0602
pham.tuanhai
100007911166567
100014864134157
100042007968363
100009585012121
100024498678641
100033830602931
tuanyd.28
hue.duong.1238292
chung.vu.750331
tungnoo1109
nguyenduc.vinh.355
hien.hig.26
100005216497095
100023364707033
trungkien.tran.359126
lexuan.ly.7
giang.ngo.148116
100032855512475
thanhgiang.pham.79
pham.huyen.1506
100005372400079
haivuduy
100013554937554
giap.vuvan.33
lanngoctran83
le.t.lan.73
mai.huong.50702769
hieuhoc.le
tduchuy
huyenlinh.lethi
letungduong.1999
khanhlinh.doan.169
kateryn.nguyen
nguyenthi.tham.921
100028063995693
thanh.son.2001
100014654498338
100022494345686
truongsopt