100009066785977
100003661099041
100006004060967
100006761640833
100003943220158
100007743667191
943489235672088
100001597895220
904839389610296
100010238923018
100004522323905
100009231251566
100006110643938
100009668226395
100005320693368
100007235947258
100004339034372
100009565725657
100007304559549
100010543155363
100012254209332
100004701487522
100004867591667
1451425171760139
100009131715241
100016838019490
100016070580013
100008982219503
100014678820197
100006429436568
100011653231662
100009339319259
100005600196128
100009062054886
100009384472111
100005018596711
100006701619610
100011445713270
100005683269446
100005739032003
100005937968293
100007887069023
100006531168555
100010794153900
100017410503386
337538326427749
100005524147899
100004486952435
100005193930712
100007110428993
100006806056664
100004249448675
163487296676830
100004426683568
100009381281515
100008519449195
100012646998887
100009964833301
100000102893706
100009952788426
100005889281156
100005502493442
100003224064277
100004555665064
100008071988988
100010522428790
100011370831043
100004107964929
100013447603983
100003189244509
100008979155879
100003977712349
100003627350239
100007873896960
100004013551484
1605913089704685
328068153975385
100006863534697
100005290964243
100008252949639
100016083163360
100003702259685
100005720672869
100004644934588
100003014398659
100004815871079
100006180064443
100007291183217
100012133658327
100009007914721
100004444655329
100009907928450
100007717897142
100006042588234
100008561135866
100003972528288
100004991238348
100010538016258
100006287585197
100010180721301
100015985475951
100011106243848
100010935090438
100013719787344
100013601854327
1746179975601333
100004155457977
100010912480156
100007597060259
100000457048329
100001314798467
100006015576739
100004183503062
100003052897271
100005622420391
100004146552805
100010402866296
100006205335559
100005408471237
100004552111579
100003353224038
100000269205647
100005590572014
100006794620128
100003109614594
100005133842854
100004619442211
100005315973457
100003553451414
100000186148125
100005905905373
100006375973730
hieu.lyvan.5
