100006309727896
100000295955068
100000820887036
100006465517812
100006752618561
100002187658253
100000091105112
100007888005949
100009636920429
1643320836
100000721599765
100023115314278
100010562529519
100015390226855
528365840
100000062198148
100003035505882
100014795949529
100000634344112
100007504743047
1785883486
100002970500050
100001056105989
100000453842368
100003102518577
100005554599376
1784040083
100001716315683
100007066865256
100006476082080
100005997847108
100003066298698
100005456415316
100002386501551
100002624264375
100001812538433
100000301481607
100005415721593
100004692570220
1782114703
1251103403
100004607834197
100000274054919
1719559484
100009766628356
1074605255
100005046825620
100001000891537
100000280858187
100010720603357
100004194363210
100005076427026
100007258395572
100001655505548
100018004806575
100004478685482
100005169167880
100008474264591
1171565609
100004370977217
100005500751892
100003083794585
100011348871543
100009394948621
100004587271517
100017842187065
100000072461735
100010956518942
100000818211325
662701881
100004265708567
100010859839449
100010483907888
100016124765373
100000075972852
100005220132329
100011744146246
100012344679726
100007562645904
100002537972817
100000097008878
100009811359937
100005068788142
100012855604151
1268350328
100013485858139
100004496287465
100000881134971
100004994617812
692364630
100006494033500
100009655842776
100003727877409
1800730547
100005007840777
100017404470788
100006936511982
100004023468708
100009568102501
100003867971473
100002232877728
100000459163711
100000483610848
100006567365307
100012732700199
100009708224287
100010568266455
526049263
100006729192325
100005806039319
100011131443902
100016422587603
100000807871921
100006160440398
100009375981928
100012704286869
100006559293479
100000491943423
100007114518636
100001468543151
100000822168724
100015453758510
100013866037318
100006485022158
100003665166476
100004939502405
100005434875378
100002834418129
100007040048180
100000084351111
100013089090966
1555964922
1305274716
100009763095447
100009795001103
100001368939646
100004732992282
694330918
100004558514188
100010100975361
100000260695622
100000246238023
100009441254328
100008716662034
100010791464621
1520135969
100000109511271
100003158949191
100000186702806
100008808635078
100000653907332
100003870742039
100008754273180
100001495710390
100013047432579
1263577920
100009619354815
100004053717284
100005647686611
1064301014
100000139842586
100016236963280
100006562451054
100007718858488
100000272385451
100005116992049
100002577545576
100007090083153
100002250953505
100006424384992
100003300081574
100009960252123
100011270132295
100010891445092
100009846271060
100016269062977
100000791953541
100010705486448
100003870313309
100008199375032
1809383583
100009426994005
100013737220346
100004001122127
100003139446954
100006299617258
100000890810403
100011776926850
100001751007275
100009146212882
100013900697242
100009328228665
100014796903664
100005664586506
100007213422554
100004396963005
1787619257
100002940870647
100010118317939
100004671642781
100016117007999
100009627673920
100010910554315
100008505130261
100005205407986
100003116547960
100001621181163
100000218212372
100007780606449
100003246914482
100003176284288
100002730078264
100009363716465
100010453662181
100005827301671
100011413099295
1410618729
100007307684952
100000303719478
100005985220644
1418523368
1612286063
100004789321955
100009115844346
100009701680321
100010997499075
1678797728
100009873070963
100011483868719
100002386384737
100002349847808
100007574498343
1796363925
100005341093410
100011881515699
1260135371
100003741568731
100009261969218
100001282385068
100005353983879
100007501477612
100005964573909
1708740764
100003136615579
100000211850622
1680493630
100000318078958
1830077202
604578664
100003874479689
1038872049
100000259264883
100003898390269
100004405740003
1671830139
100000857483181
100010727648614
100003830891811
100009679907475
100002311296119
100005105681094
100003147545452
1449586917
100003674287050
100010153538714
100000266370589
100003518342197
533994352
100003253340553
100004567500343
100001657618447
100003966071931
100004061860104
1738012352
100007614840029
100005400254095
1235654199
100000114722670
100000111049627
100003727809874
100004401332920
100004835016750
100006502054230
100001380253533
100004995464189
100000155529954
100008255585296
100000528570722
1820754829
100006716171415
100004359183146
100005765407470
100003762361179
100000197242331
100006964354682
100002842840539
100007803722476
100000154571986
100001490897490
1295737664
100000211961736
100000211961736
100002109714967
100001230432056
664459856
100000037931564
100000439646278
100001831218835
100000273662968
100006530920450
100000045051833
100006778874926
100006778874926
100006408220120
100002707268538
100003814778079
100005649302677
100003101198326
100000940662001
100000940662001
1569386327
100005110938844
100003345970103
100000193508385
100004176754264
100004632783972
100003742406552
100004273448617
100002924979937
100002924979937
100002924979937
100000487650545
100002534944781
100002156696611
100011264553104
100000258724954
100004437792680
100004070150699
100000185709265
100004303902925
100003151392902
100004250615589
1256495574
100000610926675
1067136128
100000465821796
100000465821796
100005497296745
100002894840598
1070685973
100000123616907
100002898479244
100004065144038
100001318492423
1329508600
100000336182674
100003217356695
100003275511841
100001800027633
100002972272149
100001944400016
100003223516882
100003285225818
100003285225818
100006419430891
100004229526407
100002322582239
100001702871077
100003004509289
100004454490072
100009019190415
100003140119808
100004030361006
100000135861044
100000135861044
100001488063015
100003170091741
100008108446807
100001695004324
100004230872050
100000965292233
100006451090625
100007323973385
100002982432282
100005489011721
100004936717788
100004092881981
100009040549362
100007683824299
100000309922133
100007260374914
100004067803022
100005266478751
100000462162252
100001316544229
100010306564309
100004572997402
100000057871769
100005374369203
100012495906658
100000282363074
100004535351428
100003915540202
100000297596637
100000297596637
100000297596637
100004834565359
100006543042129
100003915161035
100005354749374
100004783925192
100000712805237
788133683
100007435366028
100001788380825
100009518052532
100008335831310
100000259839672
100000259839672
100000240549973
1000922789
100000321148809
100004085133259
100000378331224
100003532208228
100003303181780
100001904208742
100004621955262
100003685791855
100000408906853
100005184887053
100006819917931
100004635450459
100005924820366
100000177496717
100009341322579
100007296404037
100008384389466
100005324833411
100008703941474
100010837039397
100009524083669
100009976001958
100008634035109
100000289248170
100001882036671
100004108772626
100004108772626
100005408760754
100014928515119
100012619594962
100006765210781
100004229823681
100005522648315
100008821681340
100014284997479
100009441828738
100004885099596
100002061392131
100003279455729
100000088428695
100000423977992
100009066862858
100004737786059
100006908861154
100004487497984
100009065171379
100009750824372
100010153988883
100009286973535
100009971596666
100009830716644
100010427985123
100007784524230
689659894
100015596085316
100009145715884
100004010571689
100000813673113
100005317788196
100011392489472
100006599435200
100004254706468
100003776612448
100005874731500
100011581068872
100016259474886
100007033999129
100010335339157
100005006643595
100008890532736
100007603156796
100004335976403
100010536795713
100003541827490
100010438203942
100007962310116
100006784637466
100013380427100
100005265194654
100004970503758
100010725842333
100004596438621
100016148896642
100005010270094
100005779995775
100010869572837
100012088151808
100004170273732
100017011989090
100008969768052
100005015829733
100013966386812
100009240760778
100002457137222
100009863438607
100000324488546
100009941102993
100008884248378
100012244299928
100011062264267
100016550584947
100011906144000
100004093484006
100009658502446
100007151320601
100015154567738
100005273566656
100014221934728
100006453614956
100010729024020
100004481250211
100010623243169
100013733406742
100010241798083
100010978924440
100010755034829
100004853560464
100002812975461
100005911801916
100010086915186
100009998020314
100008898728453
100002899344597
100007298263331
100006717930599
100004689457155
100008456970062
100016732231553
100012751693111
100004356870675
100003824134663
100009174260654
100009524615967
100012780185253
100010637701716
100005311246357
100005280733272
100004767945049
100009992110731
100014832169385
100007864633593
100009081451490
100007448596580
100015532982281
100013234518926
100004327623128
100006617926099
100003701202115
100002831858655
100014499977121
100004624836755
100004967950346
100007037765493
100011344872393
100005257727324
100006853246168
100007436280451
100015218807628
100006485464436
100005411982001
100006957433444
100007618470768
100007442466693
100018589696946
100005271608547
100014436254422
100006409509147
100015880998102
100009832687387
100006936699496
100010830012098
100010270938375
100005386116543
100008277343000
100011774640621
100000265722646
100014699352719
100005364223386
100005458691828
100010702219005
100005114077517
100007633274802
100009285787451
100008145960850
100006262933156
100010345666652
100013008252276
100012125198581
100009403542610
100012072133866
100010460585062
100009296963658
100015134869241
100005258558619
100010592526249
100005037361216
100005031640098
100015727295724
100004795030980
100008136068104
100009765360085
100004067362054
100006877836398
100004861210103
100006119353029
100005575333751
100011336922945
100007114480571
100001455013089
100004986480046
100006856277700
100016681982584
100010570816156
100004328113036
100003878607285
100014486893666
100014970783476
100006162062296
100006950866901
100011168046348
100005100011064
100009495231410
100007144234969
100006332885117
100007622312159
100007105119111
100007238146558
100011828021312
100005672823193
100010521045691
100004592977082
100008414807908
100006909002590
100009202402142
100001268608025
100004084608674
100003061866386
100011118335854
100004993086281
100016447004869
100006471158449
100011359227421
100005616821388
100008035235041
100007308574579
100001706778140
100001783218238
100013686757754
100010909725712
100006430865662
100006207124417
100006771553340
100010087959127
100016455068927
100008705107817
100004540634081
100010861245075
100009983706571
100015131315721
100010655325850
100006546781717
100015265142021
100008545232449
100001474973701
100015352200818
100010407156313
100015205598933
100010962161274
100010869572837
100017088150284
100014415543855
100009489732623
100005492016020
100005621044852
100004494552330
100010965973605
100013293483866
100009142278771
100008032350554
100010407309404
100005329174635
100009395039761
100013188515433
100004108296097
100010155851991
100015437744350
100005461830091
100005542263861
100015943931202
100007358317331
100009803682471
100013557903312
100007613294200
100005613275442
100006887058585
1023657239
100004573834807
100010368400469
100006043547130
100009251327356
100007710137620
100004731816244
100014039682554
100009700537471
100005673546472
100009213577631
100004003016298
100002839470667
100005156388217
100005710560195
100005625943328
100003724479897
100009345408608
100009882480381
100011265340431
100004837517668
100012197628116
100010222632885
100005039347436
100007250017746
100015610898667
100006675031094
100014364098760
100011481040132
100008100552702
100015066529484
100001789137926
100010333179321
100008852162404
100001562008087
100004089424289
100011589259565
100015910805597
100013669335602
100003012028056
100004645891445
100012527925468
100015311766265
100010394779179
100011351524266
100004394918226
100004992919472
100007020390344
100011724993925
100002573421862
100010151467256
100005051731278
100004266633239
100006382299949
100001890770473
100006691782134
100004154193222
100013158946489
100004476335008
100006727896615
100005285653425
100006100063322
100006457261625
100005585503028
100009768048599
100004646800862
100009967934159
100011170293336
100003972570688
100009121572725
100009619656987
100000195530006
100004004359134
100009779081354
100007301175690
100006876036823
100003922014131
100013698525856
100015427240090
100004457251227
100010333272289
100003296480026
100006797199372
100004953451959
100006040422795
100000157828815
100001217120288
1274130022
100003321034569
100006633217066
100006010418205
100008209055539
100004642144937
100000271470002
100004872431468
100005871454574
100007822327724
100004584010624
100010857068137
100000112119836
100009326414683
100011429238577
100000742878333
100013196895646
100004195243792
100003625921195
100004766209495
100009881896758
100002881697638
100010000716098
100010930506689
100011972083235
1788494616
100008283482866
1781270295
100002851824954
100001882036671
100005412666172
100006377139291
100005534883962
100010890796911
100009991414451
100010176255942
100009822102400
100005748490504
100012577486101
100010985400682
100011872830320
100007290528938
1449307087
100014772668887
100006357487220
100004080185334
100005215867754
100015472997067
100007936548742
100009705885167
100010228549492
100011703184163
100004561834824
100005375297955
100007604029425
1424743034
100000334382387
100003015387360
100001886854582
100016910266695
100001677662439
100004221197473
100003230713054
100004006545350
100009559599987
100000174691266
100002951094624
100005114716548
100004378335016
100002969463906
100003135161557
100010479881647
100000289248170
100004368252758
100016009656576
100003112626952
100015996346469
100009847876746
100006602263061
100006444544341
100009627998643
100008714705072
100004839750179
100000199897772
100008587561456
100011626086094
100017103467257
100003759998758
100011955224039
100000096615722
100011275152730
100000279338740
100010171954089
100009215505552
100011999862201
100002326159469
100006426728035
100007291907838
100009445042933
100007225985852
100011636988778
100003146968980
100006551643409
100007085777847
100011016453934
100018177853543
100015444978736
100004778613512
100003934355343
100010503518126
100001756652249
100005539329725
100010256468349
100001680909154
100010394464429
100002935625901
100011639370313
100010366564776
100006091546872
100006021820113
100003189685348
100003208306678
100006433331517
100013866968308
100006338734666
100002845570889
100005825827508
100003962150549
100010331137376
100004031870856
100010295340283
100010902550608
100011451645305
100011040372111
1649323022
100005685220878
100006781869643
100010197071806
100005427636194
100002518398412
100009844120560
100004665393952
100000847426030
100008482144948
100004963872534
100005002775996
100008869183898
100007002335517
100010576032889
100000621174158
100000416664652
100012543003338
100012303526505
100012770383781
100010543369569
100011348985867
100014643213846
100009003258420
100011328448184
100006214299126
100006162307688
100006225571520
100012998359350
698919627
100011625040949
100008157906959
100006350054193
100003190281923
100005709725767
100008141706579
100011123047463
100006612216395
100015150616487
100005310391176
100016894457149
100006163573838
100004977694855
100000213153044
100009869224186
100008087864276
100004817926334
100004169595642
100010300110615
100010564966822
100009940867118
100006472315298
100012656351202
100005295286495
100006603731363
100011044964306
100004781672957
100004364166553
708463769
100005332510069
100010747547340
100008652617935
100006859848070
100015475831113
100006552574389
100010156789182
100002975152464
100009771101355
100008459414722
100004946970591
100013810861935
100011422148817
100010338495046
100005423405807
100002612145070
100006280787967
100013600274084
100007743600757
100009468386326
100004381366084
100010314377399
100006629670314
100004265761321
100004064492907
100004717832207
100009380931378
100007847701523
100010469253304
100011298997835
100014684142433
100013706385926
100003049919140
100003731899212
100016587968666
100004941485664
100015058546412
100009000629529
100012322159598
100008363588715
100014275846636
100005724106427
100010843600173
100010335996652
100016452575498
100015570279619
100008653698810
100010912638805
100010511790926
100009250200509
100012048307856
100012821649037
100013773212336
100004635786160
100016725787979
100003307312762
100009757635991
100008210054780
100007083485149
100005420235505
100009054136967
100012319743773
100010409234132
100015788400824
100006829935774
100009632221199
100011134322838
100009791173073
100005470635625
100005820155365
100003475954750
100004357745028
100004234414556
100004410192465
100015492490214
100006871717745
100009518323605
100004804424326
100005012743027
100006469182282
100012401646083
100009474826861
100009108265295
100004574401408
100010250019126
100009638328782
100006364560799
100005878928169
100013694670555
100005981561818
100000825976202
100004854126978
100006551370059
100010619139953
100003939630225
100015260615668
100001628507062
100004656484580
100013388478160
100000457887365
100009059669085
100004376347133
100010285543062
100007076830856
100002751529277
100007488738539
100007371731110
100007121258611
100015272102362
100012375464254
100009852854106
100004925644211
100001852794605
100005797893642
100009042557498
100009326801915
100011251925132
100008474526681
100009136894086
100006128896417
100000240119564
100010265536373
100007362992410
100006215911981
100009464899791
100011654084610
100004180776674
100004306412028
100007754823373
100006823153915
100001467426512
100015249522791
100005761331417
100010694643565
100012483908379
100006443559802
100009896088445
100009357328301
100002927026849
100009496519597
100011300613311
100005691813048
100004411170165
100011454635239
100012579664112
100004605194699
100005052187088
100017215952823
100011496224044
100004063367840
100001507898855
100010659285131
100005429744332
100011496470946
100014788631789
100004556082696
100016033261099
100001747248812
100010859494812
100010793317731
100008154725872
100014447670495
100005418045252
100005923149233
100009405900344
100009139165124
100004956938184
100004385770328
100008239052549
100004386450937
100007834868404
100006377085127
100004580222432
100004692343650
100004358671240
100007524278022
100005617801375
100009552114919
100001595217653
100006307928972
100008203534934
100003010136421
100016391231796
100000791058837
100005685375969
100007616132993
100008127347629
100012301781988
100004536644110
100013232654970
100012558137687
100006310302169
100007681218938
100005131471747
100016947998337
100006528750766
100003877466541
100011413838120
100011358733625
100004105188771
100009979969171
100011245952311
100010479823832
100004114441573
100003995520384
100000362393485
100015938207951
100004144110817
100010050901764
100006005049708
100004635780051
100004612141139
100008431094597
100004035974267
100014426800960
100004223973286
100008878690253
100015254466853
100010377901777
100010168117755
100000969904663
100010219626106
100014411646060
100004026497020
100004190075730
100002349843441
100003648595049
100004023283970
100009620748373
100003879854300
100006314678204
100000854715359
100001440327191
100003788375793
555347930
1266251019
100000261641148
100008135115986
100004634023355
100000403225061
100003827608423
100004497938762
100002437634888
1796091055
100005160662746
100000074950495
100007938844284
100005811824288
100001373136282
100003854448779
100009271784813
100000106385990
100003167301989
100001882466364
1795993645
100000084011769
100004038712968
100007732599420
100004480173615
100000093472033
100005725337134
100003196010523
100004126930675
100003260537200
100000261708351
100001273778834
100002890070316
100004406143735
100004557280195
100004777478860
100005095384301
100003707882917
100010205285115
100001728512767
1077410737
100000065162303
100001311555235
100007894095768
100005312087400
100002222747010
100006292150479
100001022257957
1538439522
100004267685249
100004408089762
100006393252072
100002983042807
100004318305923
100004035800583
100005279886889
100002787794328
100006635166414
100009708781289
100003875237227
100005920415625
100005342708926
100004422133193
100005693416424
100009904929585
100005266752570
100005807822153
100004982178015
100006226696536
100007270622774
100003826328514
100009068679613
100006137535895
100008651316092
100006750513614
100001495405633
100008200412002
100007661460419
100003317271724
100005087524375
100002278383877
100009932408837
513381235
100003924572408
100001036090106
100006149585364
100004068698100
100010115586098
100006249407320
100007880733906
100006788223451
100012713712650
100012800622867
100005779476575
100002455172460
100006054013436
100004983338498
100003050456141
100008276706111
100018215341433
100005241183344
100003156905711
100006253727858
100003292599808
100001465166031
100003985885557
100008705538729
100005194411048
100003213497772
100002311203328
100005736428191
100005058455127
100000464465321
100001438711800
100003238371760
100008058373911
100012490515320
100008709069202
100006179619914
100003878652055
100002415051257
100011945596655
100007455270999
100006494693492
100001760169997
100002823973254
100000225375254
100003832050351
100003670784314
100001599142684
100004623079307
100008362067719
1298112675
100001061775901
100004165421819
100003010078306
100004822481195
100003668252035
1781285605
100006095736374
100004971093839
100003229629141
100003886112417
821907953
100000724471401
100005618475228
1782397132
100005934451108
100007104941071
100003707875127
100007734792669
100009056667444
100008579089488
100001829265270
100005453138778
100003960609493
100003724476775
100007828484427
100003097777921
100005019966822
100005002515003
100010696200083
100003225041162
100005870082583
100004319321613
100005325372117
100010539517532
100003168920342
100000237081033
100005360461767
100006812653379
100004738443761
100000289941097
100008587773898
100003862239843
1071132192
100008387105464
100001826781735
100009767321603
100002911632348
100005590501234
100007282356390
100005946399831
100010625618973
100001504564454
100002157180675
100004899551047
100003126629031
100003299537202
100008249830214
100000433029459
100000433029459
100001910846786
100005200745693
100004186080462
100005125086954
100004072732857
100002333734987
100000897720900
100003846724608
100002088002209
100007134424397
100004713875145
100001890371842
100003055487998
100000053293267
100003045971409
100000216112312
100006405551458
100008409318330
100005816166477
100000181093103
100000181093103
100000344259333
100005334521546
100004465566112
100001835710363
100004562111779
100003872880945
100002857096838
100007919867984
100007545407175
100004179825866
100001763027777
100012977220752
100000139608010
100007173541951
733849125
100013088919510
100009814112803
100005083002492
100004229354475
100003145892934
100004772493452
100004644554437
100001991413960
100012461374981
100006970177925
100005892090119
100017364971072
100008602680448
100006028057548
100006062025881
100005857511297
100004663771733
100001800629142
100005428484460
100005181017351
100007713037674
100008080440472
1040927645
100004409790180
100004197785617
100006824319537
100006284387675
100006766213410
100003765187012
100003079976406
100001730607653
100014278034576
100006194433828
100003899412420
100004782725103
100004854282719
100005344836090
100006920551154
100005668128650
100006511279538
100004271080747
100002690334810
100006952987618
100000868301505
100005580631118
100004032140801
100006669934382
100008497662412
100000912788499
100003770252146
100003080875892
100004404727039
100006842656774
1609591715
644778918
100001574664041
100006970180040
1191183781
100024340815342
100014833924043
100003893064750
100003321907072
659626056
100004195860039
100001664560564
100005017841828
100010723905669
100004001845531
100004569822868
100000125134118
100003242293105
100015174787166
100001814455790
100024908646462
100004236488138
100009380004806
100037015306914
100001297124723
570309311
100002833881587
100000363049968
100005211974198
100002163284662
100003834193942
100004247353354
100004801410576
100007994054178
1065807270
100000100334393
100010218458878
100008016521082
670883219
100005989653614
100003768572593
100001497534105
100004653913392
100003712072904
100000349589132
100037072173440
100005266478642
100012317837231
1182041846
100012984587194
1168405053
100010997026755
1385656122
100007867062592
100006422259686
100000007826121
1392214069
100003811189480
100015497173038
100000098477448
100005377248203
100000181791009
100000217593505
100003293185569
100000593872461
1180457238
620909437
100006941927953
100008443209124
100001513933489
100002912986961
100003340868482
100017476959515
100015245140341
1027878482
100003161017773
100000461596546
100001723726564
100009790211690
100011172270600
100014893188567
100013949614653
100013727317421
907295315
1216763841
100007148324163
1481807296
522133997
100006668807671
100000238051893
100006546397373
100000238872170
1830756177
1425427844
100000175158325
1810077453
100006803766097
100023145876238
100000373915564
100004716161037
100013857586579
100013367282888
100000252396349
100002613710209
100005490570805
1279362470
100000481054200
707380162
100001606222352
100002903608831
100000291663386
100000881491027
100004642176255
100006903138405
100015249575825
100000222051119
100000267633243
1453695359
1616305377
1834389719
100014323995839
100004549871405
100003670412325
100002678466472
100001287285974
100000415099647
100002294191760
100001762805932
100003967291231
100010987444827
1067235905
100008755953262
100002117245583
100005240107417
100002055506896
100004852420409
100001678398530
100023093513300
702452697
100009662837367
100010704912934
100000281198391
1425883878
100002386276749
1851378759
1773771951
100023873322671
505706185
1739540916
1442595064
100000205633548
100004900627952
776430011
1794221040
100000181369252
1443773693
100009588822006
100005045470981
100001535812723
100005889163997
100002117245583
100029749912983
100004472283794
100001008671490
100001627166963
100000086116951
100003159732963
100001602130655
100001898701126
100006515234579
100001742274213
100027382981439
100001892379868
100000075503323
100011017244293
1847427952
100007746095533
881155857
100008450372553
100005447260335
100007157656918
100001581859865
100002500884312
100003250145958
100022045328144
100027559740913
100006086587602
100015252271202
100004957694351
100001875349978
100023598842643
100001739389964
100001774549577
1772863512
100003350087901
100007796950349
100006722581247
678679394
100017876324448
100000214260100
100004428243161
1694649231
100000270731093
100002901744347
100004647457389
100004411903824
100002633315773
100008983088073
100001381444039
100013241618456
1432443318
100011780376581
1670785077
100005023758723
100005608506191
100004078546539
100003912996461
100004177626245
100000135887393
100016767786230
100003550240848
100028604614786
100003986191421
100002924700236
100028575322113
100000843491777
100013942847039
701869620
100027691842146
100003184752271
100012893430464
1287849369
100008082165468
100000166207325
100009488026395
100000042528950
100004857911818
100025144850914
100012469893498
100013406268630
100008734055447
696783811
100010428661438
100005056039098
100006017760344
100017871457351
100000557683352
100006440678071
1720850811
100008809176594
227800307
100027459210307
100004283985286
100029931893119
100010099120684
100000967156056
100012361547809
100000263155981
100010130055444
100015736715695
100004241351307
100005641781146
100005729021193
100006056027710
100002515522280
100008573326803
100003042389310
100005950063921
1547598449
100009445778435
100003216894745
100001484910142
1208739948
1138015516
100008226040886
100013600298599
100003965839631
100010930451719
100003946360447
100007335346805
100007404675903
100000657410042
100000904596990
100007937767604
693294629
100000066924143
100004476182105
100028862263496
100021733444740
100000209262613
598851475
747119555
100005812123357
100008044413394
100004244885165
1677421347
1220115317
100000311937594
100010007648753
100001844989489
100011046722935
100024899318786
100017006944097
100029534872581
100013170757265
100003833117082
100008003287590
100009786185747
100005919823997
100009557922803
100008729268078
100012968829709
100009875445458
100005259373484
100009628185333
100007746095533
100001824057671
1432487291
100011339084265
787989700
100008033403914
100001008228837
100000859714884
1064112909
100003048512162
1357332385
100007956248493
100006291430153
100008261377157
100025757814097
1705039629
100024143538780
100029518752245
100005979726527
100009417238944
100007590728012
100001761071662
100025943432675
100012968829709
100005845567482
100014184961991
100005326236364
100008037733332
1008923477
100003823220040
100001763639184
100001180022821
100001599653203
100014213021799
100006061184646
100005417682746
100011812895027
100004774483452
100003213775982
100028460689207
100004196043877
100025796853203
100000058812366
100001076133225
100007646146535
100002507696912
100009870136960
100009679265017
100000883147229
100001671170381
1588447174
100033840863978
100008145279564
100004294002390
1469750560
100003635110366
100004740789331
100003132932964
100030941532276
100001386146816
100028039865426
100021857016819
100025562922043
607612212
100003062066165
1042997374
100022242152735
100012556233051
100003705605856
100006172664696
100004546632966
100005649933023
100005787221394
664316977
100003218460267
1109929085
100008187075863
100000478896072
100027550516987
100000181351636
100010022289510
100005950635620
100016286988201
100016932906586
100017907856153
100001186178804
100022558500969
100004983785736
100010182793409
100003283054884
100005000432063
100001389723250
100001204103063
100023987684499
100006729271068
100007673351511
100012337605747
100001477795635
100011597311175
100000569488733
100020277071391
100004450842556
100021989589193
100005918833915
1248545015
100014139617967
1421045847
100006019422044
1146998196
100004014115794
100007047974239
100018932740267
100030259574905
100006878647013
775907908
100004221241711
100011472710017
100007150151866
100005870374455
100000399897077
100002804634822
763852227
100006018672041
100004973071844
100004336843522
100015103600694
100024882870769
100034927530830
100001849648188
100003487724500
100012080745521
100014315468192
100004779061054
100010869123745
100025585874410
100003245943737
100026450227824
100000120974445
100008052999888
100009474174385
100008522224331
100011779245527
100006486152919
100010985761629
100024541725109
100002140516125
1630196645
100004912746700
100002639860063
100000169804501
1372670277
100014468920250
100004260755318
100005632963798
100000620320974
100000636635045
100027025925670
1784979769
100011418674231
100005381861570
100010116996540
100023854480458
100003313010448
100011116748574
100002848806068
100030173199465
100011622433674
1354959551
1303718216
100008493312004
100015301717047
100004178435416
100004105991684
100001069375777
100013732571482
100010260731600
100005830835250
519502050
100009192717655
100010806247819
100031421104790
100016291801121
100005804892633
100025629871651
100014422083209
100004990142574
100028157642189
100000119217940
100003679693773
100002286101165
100001832220685
100008348194128
1224437647
100007479666801
100006006848250
100002985136894
100005654496814
100000261788170
100006076006895
100007697710099
100006892159246
100005796284556
100021482553884
100002507066181
100017827770515
100005884901340
100004711661779
100009640939720
100009562581799
100010430596546
100011925572928
100022842552492
100005987566917
100004840991922
100004812375813
100002516575418
100024861683938
100027634447634
100014592300857
1619033690
100002629490073
100003325339375
100008731110066
100004322702478
100004456983227
100005869748342
100011347221761
1763764846
100021744469071
558349758
100013916357080
100030883834415
100004780141434
100006940006265
100003300449218
100000179707697
100023179575447
100001515493496
100000175597867
100005197698563
100008191538018
100008787613469
100001428217354
100000255576713
100010749066645
100007759273346
100018633753280
100006996993947
100010518102688
100028079748043
100001385456373
100006740461065
100013798997063
100010463070926
100008713142632
100011619195637
100015090371596
100011753293907
100010761245208
100005666590170
100019874175736
100004662723781
100010491759154
100014197331541
100005091962477
100013302912621
100010001137937
100003224594205
100028446096508
100006869105916
100001353247633
100006727575172
601259474
100035180825351
100009780215429
100004882261910
100004884825427
100017535645311
100004266490400
100009312807216
100002738513008
531959122
100005806684420
100005907693571
100006526366072
100009938075791
1584068413
100005589258228
100009740613363
100004146542194
100004834893327
100007195392915
100008417409699
100001062011586
100015058664890
100009029422991
100000967605934
100027493822922
100008765323049
100011436913074
1609096893
1455170683
714427345
100007738726192
100013500340549
100005097126310
100004503723404
100015820713207
100009761107835
100000096204118
100013066669021
100004664016971
100013980783777
100025609511279
100006792347144
1709898004
100006470721171
737983185
100031773039130
100000132197039
100003945328900
100001135085337
100001517948516
100000343172506
100001786165448
100027614268794
100027957466091
100027464290224
100004436530340
100004585955490
100006576606456
100004166440006
100003566825558
100006336965489
100022870110921
100008811009772
100009489807463
100003896183471
100004490080679
100010651741331
570219244
100009993945988
100003197495371
100014868463854
100000081934636
100008044966946
100002468107801
100028132802707
100000378559389
100005767272528
100006777271579
100001681591772
100006266976529
1186303801
100008665779046
100027211243424
100029167786369
100010441151898
100003080027062
100005769012780
100004247260180
100004672652437
100008884983690
100007756750473
100005723647492
100000065944382
100003380023595
732188691
100000235897231
100026687046290
100009395475084
100013092003461
100008101029551
100000591130044
100004193102711
100005702795611
100027814745051
100000095173208
100010683374169
100005995188082
100003771241268
100025187119925
100025203762949
100011655483492
100016989421279
100013831020569
100013025011657
100003023688912
100036866075105
100006473620598
100039259188117
100007044003911
100026825971807
100014798407481
100027476253289
100014494667086
100007528188886
100026106900531
100008265181946
100007027630326
100005163300215
100001143139457
100026582058748
100005339235805
100005052606019
100017964630134
100028658243019
100010505764180
100009215194675
100004664024192
100012822919174
100007505162593
100001603214893
100003633423489
100007019679606
100014964433631
100003901654892
100008919215852
100003826845499
100010908901055
100013858381490
100004711536111
100005388974508
100029430940523
100007011408935
100004767840870
100006491360199
100003250733676
100019930305316
100019437193822
100008054829715
100004400559916
100014160557299
100001292327182
100004781555113
100005033195330
100000005097042
100005462409767
100009465297497
100004280101690
100000172763243
100008729314265
100018128837150
100006477038975
100000177443542
100004435920146
100006458724203
100007305273164
100026183437475
100006081468268
100025276032539
100005932624943
100003255066583
100035797174588
100007878727896
100015659227749
100035457462618
100023685183612
100008359772422
100025142362705
100008975041213
883045286
100009791954998
100006745449846
100004834785326
1230115606
100010736292619
100005603250079
1680326033
100026686620426
100003729035152
100010270474405
100003518181477
100009687436120
100012676393790
100012426434239
100012384887493
100000439725369
100010121430838
100012421776559
100008729250818
100000055082515
100004487231843
100000162643652
100025639277549
100004477210461
100005118373979
100002340087281
100005593297397
100027022536754
100003281911601
100009462331662
100003818802737
100009354378859
100005620984731
100004751831184
100005836052995
100006256532846
100003880223556
100004598026960
100035326852476
100006699666816
100004275705467
100007530904910
100007762475833
100005635502957
100010168892407
100004367891444
100007575559209
100003004442913
100000184669340
100030020526831
100010312449376
100005535379043
100002894102160
100004681908021
100014297942743
100024997243849
100000281561284
100022058476043
100015091332698
100015234392062
100004254339049
100002517753424
100005864833798
100006734112589
100009620475918
100005903314294
100000940639393
100023991514400
100007056333782
100009545827127
100006442906868
100006877007275
100008341203748
100000082112679
100023991514400
100000810010969
1435455579
100000330977094
100008152391014
100028665039634
100021538757510
100000018690293
100009534845181
1051471921
1791890012
100007167788507
1666704599
100009755746175
100012476497030
100006111728204
100000775095809
1795104877
100002902762155
100009953385370
100013917339084
100007629460159
100029121292673
100025931658890
100027505680556
100011475031946
100030839460487
100005541165398
100012668795024
1359105044
100030051106246
100026576110878
100003172004265
100024433620466
100026129690562
100022469177057
100013723419353
100013723419353
100013723419353
100033553662079
100003030594779
100015861736979
1697929081
100022986856161
100004680344036
100005463433209
100004680344036
100024406033742
100012915160622
100012709779485
100007773485594
100004050081095
100030070146602
100006467548557
100026586618558
1280525882
100001902892386
100024551833756
100005962506129
100027759399632
100003009500610
100025501563411
100008774887459
100004448735477
100005833571443
100024174390534
100026292649155
100006275684029
100005455140442
100009874487713
100028957071852
100000133098055
100001560414119
100005162010660
100006074959105
100007428435213
100011752669654
100005126116638
1423030200
100006688817997
100001234814624
100003660007039
100015662445271
100002815063335
100004685680945
100011978926622
100030765314909
100014524565549
100001419798276
100000282836061
100004727984681
100005279409206
100010786086394
100001137078422
1337906380
100001532054391
100034044128212
100012122168172
100008234562719
1318895018
100001575194323
100025849845510
100004216355044
100002020038069
100002852132568
100005321958845
1725417905
100004846510872
100005958097377
100007136700450
100001918099042
100002911612457
1776660884
1554175769
100006751032225
695522063
100003891995060
1443383106
100002836121061
100000233195888
100004036550461
100002899163015
100004975277417
1233237704
100004468922285
100004471743111
1303711736
100000730605731
1610403024
100004593000983
100000080445400
100001488262410
100000074241293
100000223544575
100000232260531
1583996146
100002788327896
1845194479
100000096430826
100001599588806
100002759668438
1684556310
100005822671151
100001770688140
100001338399360
100004264092318
100001692509229
100003435118257
100006064693140
100006490512766
100001095140648
100001923362394
100000780470862
100009510402983
100000057514567
1636471716
100003733992917
100000209842615
1368516474
100003677916616
100003698570400
100000479422026
100000716203601
100003167593170
100004573770394
1155265891
100015551942246
100003890453617
100004107033961
100000064514454
100003126534370
100000086981310
532594148
100006144222348
100003008657329
100009023247246
100001422526621
704147648
100004207393452
100004134760200
100004784111875
100000198381130
100001244074149
100003580749914
100000131947391
100004688042651
717723189
100004204699152
100001544829873
1673473667
100005268129227
100002818231697
100000996952166
100001849062940
100002070290074
100022631053021
100003830269304
100001939918261
100005057287089
100002889864039
100006781898805
100005145390301
100009856698356
100039241951485
100009749198121
100034244393680
100004496255799
100004881041683
1436641617
100000097861303
100003805918872
100004377853424
100004312303436
100002011526845
100004546119013
100010408145638
100021138648115
100010476196516
100044715006536
100006112176050
100008299669548
100012247843436
100026873078808
100010385555729
100010054750697
100026136185136
100005158001992
1496229979
100003591864729
100005164695798
100002999870205
100015466156978
100025093040979
100000173165540
100002611989078
1719091505
100000015589924
100003874973913
100037347751043
100035622891842
100000162217339
100004169342704
100026211788482
100035715638430
100005797080532
100004360089697
100004279891104
100007919742839
100002621062045
100004915179357
100017892904057
100003712067142
100004078519171
100010750817034
1140378998
100005109248737
100002994153222
100004504725413
100011749933726
100005728690231
100005722241620
100000974455154
100000128169354
100009452751343
100017505130763
100003730617610
100001832658540
100013109108989
100027927910261
100000357519383
100030105396821
100010037167062
100031188560580
100006547427904
100008559529484
100013717448985
100009241558186
100003239864899
100003181025907
1226882130
100012812224094
100009893014663
100004279864096
100004478559744
100013056278369
100009930587222
100012470941372
100009384060778
100009192176830
100005634754858
100005168029385
100041423089849
1812498467
1536305366
1668713918
100030383599711
100007125124827
100039152348864
100004610807817
100010233484104
100006483948291
100001508812296
100006424279791
100007955232157
100009397632309
100004482034510
100000589955168
100004551962878
100004909601908
100001556959523
100011114357523
100040929439682
100009519672095
100004838714459
100007436532356
100006293852565
100005178431439
100029129661003
100007583494874
100010181261911
100011081769134
100002627518293
100010231664697
100009202772570
100031177151585
100011981926697
100009700366834
100025029881393
100040899408855
100030817898362
100004949748531
100004570052632
100006299586986
100005274067349
100028674194009
100006456772393
100005069436083
100007859085727
100010012300970
100022820620807
100000543814817
100001716980993
100003946302406
100000042143847
100001582580808
1025542362
625484509
100004349680896
1567224354
100010855724829
100013448168954
100009898601711
1181274784
1351039502
1611862833
100045606952373
100032615183305
100026825971807
100022267341395
100020386969486
100017981205670
100015012511395
100011392764554
100011021380022
100010706341135
100010445800408
100010532231126
100009407764674
100007033238633
100005749636535
100012690457397
100001713015697
100012993305740
100007041450426
100010843171217
100012202417396
100009888910981
100006857859071
100011731487905
100003880773762
100004287430279
100004077197359
100003920292908
100004570424170
100004784952268
100004829081740
100004998817645
100006082058454
100006389291023
100006431733387
100006637390094
100008249980780
100010401678213
100009870943296
100006727470603
100007197156071
100007643051337
100007815811704
100040617258806
100005048280554
100005199634719
100006604865313
100011394906719
100007879959889
100011480945078
100003686874714
100006782255538
100006832022125
100008069885811
100004798448969
100003686913258
100028309279382
100006207880324
100008682214550
100004157131726
100007160377629
100042853099916
100007354427460
100007875702462
100002317923222
100006009166005
100015953025897
100003396036110
100005599355621
100005170723517
100010357390219
100010162006747
100022466224990
100004781283135
100010717090151
100038578662580
100013374675525
100038748607363
100011367035213
100007573634391
100023349000096
100007289765831
100009720967249
100013844198262
100008009619381
100006214006883
100039158921295
100031226463423
100013870812210
100002891861436
100007849538866
100024510973034
100009465627637
100022462340044
100004613950760
100005888224379
100005610844724
100008624506251
100009026354602
100009266195537
100005555820974
100001845057412
100003887780023
100003749233089
100004437094649
100001950418526
100006034358387
100001273165782
100000391691721
100003755013629
100009615632851
100048048917954
100039902121459
100015714137118
100011264410081
100021772848726
100015750998680
100013902908840
100010967172585
100008258709344
100007974519843
100039572062770
100023641753289
100015872161248
100045646014036
100022248304117
100017755716384
100016691472130
100013581425668
100013075031188
100012781715200
100011132926624
100009603785513
100043133653072
100043812370332
100005712709002
100036541774463
100007154286606
100049215284665
100050103022526
100044249363600
100040208481294
100039762774345
100035979463759
100034859746835
100025978146014
100012734490175
100006465568370
100021554746022
100015453376339
100003725851509
100022710846351
100012249400582
100015783338210
100027523364920
100010053727128
100024707318438
100010401765309
100034320786907
100013155646498
100006361576363
100011873283914
100049418917118
100009515287519
100046750749481
100003094059069
100005336620431
100007980879412
100035708383405
100004484732527
100007458905787
100009548224586
100009214852739
100024828998600
100007472257797
100002974784642
100007484236408
100011219288930
100009912094503
100009008025458
100008450770058
100005333671404
100025180264467
100007263541498
100009634452315
100020466919305
100003984887612
100004035825913
100025454212069
100017308393994
100008835974799
100007972543614
100023433035087
100034813719895
100041700725873
100009723341917
100004761137230
100005898041913
100008271065792
100005321293567
100038145791177
100010546533323
100007637496129
100003000166122
100041206342113
100010610808211
100002733685094
100003892778863
100010330230351
100000229002126
100011191184610
1107961120
100000498424333
100015662445271
100013400562878
100003131334985
100006317401886
100009540415830
100009083805959
100008615791034
100007813248993
100006619719691
100006511691089
100006142810740
100006000548985
100007631853946
100004539180045
100005653152963
100004321145182
100003824591261
100004264203158
100004235342408
100003769305883
100003641320348
100000111413417
100002173786931
100002422879351
100001109939112
1100540460
100004466743980
100018742593797
100036389496445
798763009
100040678445390
100009175804462
100005255678723
100006501907193
100013278871698
100008861318784
100004252118682
100006330663985
100005401091681
100003825853373
100004561416670
100010806458469
100004958640496
100004864303002
100029194950518
100011669553601
100017442990141
100015465669059
100024015908466
100015233251703
100013710227940
100010220652592
100009657585729
100021669533423
100048274601454
100004296423833
100004704783567
100012539802413
100041341148395
100005549762946
800047070
100004252783418
100024024961958
100002555548962
100007493448290
100004085445533
100004934862208
100006965257841
100004086159956
100005090970296
100002371215742
100003745663121
100000048299309
100007227930259
100003910419494
100002750148690
100002724278512
100005746382458
100009765516006
100004025839109
100002836583056
100003021854472
100004226250886
100004729622319
100002821127211
100005399224941
100002191053017
100000077927285
100005931879839
100006389464671
100003308570874
100004657053023
100006438530976
781614469
100001116169487
100003899191625
100002882162747
1354721844
100009514272551
100043251232367
100005035538062
100004423486106
100012347977854
100008713029621
100004517389205
100004835223346
100027484602397
100021240694121
100002701339591
100024964868875
100048393728779
100041668621619
100041000761940
100009235017176
100025121351902
100005071294671
100008721249693
100014540732684
100015411274507
100047931093214
100037195428039
100006120842887
100009746130191
100004364732219
100005794991438
100009411170199
100004075973600
100011659904187
100005952333710
100010488798175
100040773972491
100006712721432
100008748643629
100007525380439
100005428476510
100036740584954
100006128433652
100006197168406
100009435767269
100012076697086
100009919057298
100011298129926
100023866030882
100006495484717
100040117100699
100032765147636
100007973326976
100029294349221
100008248547886
100027535733111
100008321352787
100012490782315
100022183433590
100021713209577
100007979943209
100004274652055
100012736262423
100007269032346
100035705948345
100016226943018
100010008858309
100011333912879
100032469317678
100022048802730
100036498556735
100012337291773
100009785611250
100007960841941
100004332602634
100005502765088
100010175203155
100034493201634
100023493692933
100023949421296
100023153836532
100034026256844
100019529675207
100015514155850
100004037448045
100024604253683
100009478971238
100004194972651
100004911391346
100035184548223
100007700148415
100017511369843
100004234000448
100005150882867
100004468204273
100005732584472
100004046628141
100008365720721
100003540791830
100008207329016
100013617724101
100015519153740
100010253594917
100006298412384
100004744211598
100035518924631
100008183739851
100008049759239
100005252978933
100003600356663
100011742872595
100010836635977
100014099191432
100006456786507
100009868690053
100006394034166
100006595902433
100004264746042
100033652493666
100005221536983
100004016277006
100029797190116
100004375952912
100007208555903
1272547886
100000149798917
100008720888227
100042404591957
100007894265784
100033524465050
100013307387907
100040189304315
100009724338703
100003781610910
100003924310236
100006116681857
100009566451844
100006469862351
100020310196957
100007767311048
100004785903729
100007594602391
100010286113705
100012396313888
100040451240175
100010105540871
100005035656538
100026544634321
100010615330762
100010817355372
100008137081312
100009259030191
100011482423341
100028157102353
100009242004527
100037156236533
100036610682749
100011121704376
100029903250347
100036813992911
100010482996091
100034351103050
100006019540074
100005910948166
100033134355730
100018203269153
100027913762716
100026984692898
100029666143850
100009634395202
100011479908997
100010736432690
100009832339219
100013305196070
100006073359520
100005278503002
100008770448809
100021841085130
100027034454336
100016964718363
100009702487157
100006146195515
100036125420060
100006458166673
100027955881472
100006367748052
100012960164086
100009486936107
100008849340411
100010765720658
100008184131338
100034644589365
100009440928084
100005907969931
100029940915207
100033970274885
100002697655864
100006180822659
100014723915232
100006817171961
100006391242128
100007608738029
100025980515818
100001191548847
100011092848535
100022042639804
100012015941802
100007920702072
100022301670684
100014997069311
100007495305123
100007616411066
100005432563290
100006852493101
100022234131133
100004409135274
100003654016749
100010458667190
100021793012330
100006704883395
100018445787510
100003132608238
100004250197821
100008029593512
100009028798014
100004180988622
100004762327676
100000259208509
100000292930499
100004550494337
100006008792656
100010918422824
100024931584269
100014997278809
100003116923416
100009493511099
100008419325564
100014005303617
100012106996715
100021060432770
100018471041272
100008243257423
100034193554352
100004434817838
100009360977440
100023186986805
100017475371238
100006973179291
100035743805057
100008615074815
100008371833782
100011469123675
100006673152732
100049740769122
100006523681705
100012078095279
100022369355140
100035030092715
100039369741449
100028859340659
100008440113977
100009331365943
100015130201578
100011070130450
100006354154847
100035672520353
100004354939372
100014093713396
100005466997445
100009169542641
100006336273124
100009439696916
100015004008339
100016317079011
100024171751633
100026294653073
100033894124003
100036955503504
100014223490783
100008536690677
100007531560903
100005896663591
100041915408042
100005040579918
100004501489322
100009608111888
100008550557401
100011045826817
100004921290490
100031047826355
100028549475024
100021707930276
100009484036856
100001515892391
100006292091563
100012025458424
100009271767103
100009872629047
100002125977631
100003050726096
100014522833449
100028858723676
100049181690262
100004488396525
100010172177438
100004404934976
100010569731546
100034786361063
100004670192960
100014150438386
100009409193571
100024867020757
100005195266689
100013447631730
100005486137590
100006065591351
100005498892312
100013851842602
100004089648708
100009740537489
100002910949242
100034121347061
100015139548582
100030486262133
100005776362686
100006542018718
100002760289186
100020073998112
100028154314314
100006491461887
100005235905869
100024858941722
100008192592727
100009891664527
100012714273572
100003712060712
100007537486833
100034716972565
100007694866416
100004162699030
100003951297439
100005198496975
100006867198921
100007845815166
100007911166567
100014864134157
100042007968363
100009585012121
100024498678641
100033830602931
100014910739454
100006684134043
100012076125736
100007455155576
100012252254294
100005216497095
100023364707033
100004072191796
100000214163312
100004161307018
100032855512475
100003982472055
1819215423
100005372400079
532833109
100013554937554
100004164815150
1100892681
613249951
100002584387568
100000127743334
1174591636
100004942081372
100006082273280
100005378196112
100006488154108
100004023587415
100028063995693
100006845378099
100014654498338
100022494345686
100004861931678
