100024533716577
100002414231029
34004299
100001920095740
100013529137868
100001800797393
100002841938549
1181603029
100000369772387
100001608889680
100004024521209
100007464583128
100000459238675
100000459238675
100006095220399
100000256335560
100003903163702
100004132628603
100010743010961
100005395089233
100000967292154
100006249638906
100005023322797
100004635096592
100006439023371
100001255890441
100011428803609
100007083124807
100009106194210
100006166240427
100009393566266
100006136209624
100005982302496
100006976156664
100006145181450
100005250692826
100005960291015
100010445293977
100001814761935
100001574422589
100005220966560
100009254452314
100003572282069
100002962341336
100000268366587
100012343059902
100001741617379
100000245465084
100001585153348
100004621355027
100003801491674
100001288637995
100001207166978
100003780192315
100000003423836
100006485375984
100003871511702
100000201576855
100004289705207
100007465293259
697752002
100005274278671
100007710669741
100002951888891
100026241078125
100004509311192
100009127886085
100003716020735
100001049251342
100004420899168
100006056174419
100002724865082
100007110399753
100000012645880
100009319226343
100005343729086
100008017453176
1104853474
100009529715479
100014581841150
100007889890302
100000050253964
100009494198499
100004031337301
100014979249199
100014265963296
100022303050351
100004504985636
100004626630999
100002251158320
100001766870532
100004011812712
100026692334209
100010723937472
100010237479547
100003700233056
100005220343920
100001851187448
100001860084859
100004235327163
100025409993580
100007177246447
100000275589655
100009544544895
100023159293854
100003585172914
100018876820482
100005444735462
100021581332308
100024406732727
100005697122496
100003456056257
100012378049418
100000105891421
100012116857429
100014042653684
100000430607295
100012188767775
100017607366335
100010269730167
100011666889956
100007310941451
100024533716577
100024533716577
100002206908891
100003912551213
100002414231029
100009294200162
1789413756
100000007802088
100006209050548
100004326485286
100004796372733
100003294090934
100006363720643
100009275322514
100008122871974
100002843966275
100000064445689
1556504234
100002555142982
100007583461070
100000703559209
100038885900586
100013897020704
100004496895130
100019348926451
100010399592758
711453024
100010854976518
100004688989440
100004972200556
100007108534919
100011579148365
100004923245703
100004094979214
100019073766079
100005060942344
100012760721516
100027286549693
100008152891963
100006410021837
100005642893333
100005084473357
100004323341904
100023916701588
100016446788082
100010437224378
100010073525064
100009425241231
100007289498301
100041481278063
100009325935514
100037634297337
100012290178994
100004827786985
100008617321262
100012351191105
100006275976344
100002370544658
100009681222146
100028676358341
100028888009812
100003992720436
100009825911859
100010119277619
100003122384195
1340817565
100010028598437
100002206908891
694227225
100003150259721
100012285992793
100008230815611
100010464916212
100003490873186
100009796391646
100003797377209
100004574761098
100003067625521
100000666586259
100002840693198
100008109211912
100001771737257
100010910523759
100010203844690
100009758739669
100004102494690
100007867290119
100006485134522
100006398850836
100007462064804
100009904832423
100009399206309
100037949483379
100030617654944
100036319770002
100025675034005
100010260215765
100007260074815
100027396000831
100015938315846
100004258561493
100005167666919
100017148669205
100010387681792
100014904639440
100003482405582
100000250506469
100006619365512
100009377991902
100024675810056
100012472966048
100008104813947
100035788922141
100007521825421
100007394289704
100005722661037
100012898861222
100023323449133
100009276021982
100014541513728
100033323269381
100002890582776
100005331660114
100009947110936
100007190054666
100004105656427
100004212615709
100010557271331
100005670137894
100004279350356
100005425663147
100023074566148
100005321682004
100044834567335
100005585794795
100005799258604
100027872990597
100013718320859
100012048432961
100011433095868
100009799205580
100032694857814
100011365181347
100041242631770
100006453708907
100002898529389
100003098405127
100005828402232
100003657175262
100003722294855
100005430573277
100026211879486
100010835162412
100009626341724
100004778885778
100007467667420
100026084793840
100007075363341
100005011631541
100006462179144
100023164953459
100013301868935
